{"bins": [0.0, 0.05, 0.1, 0.15, 0.2, 0.25, 0.3, 0.35, 0.4, 0.45, 0.5, 0.55, 0.6, 0.65, 0.7, 0.75, 0.8, 0.85, 0.9, 0.95, 1.0, 1.05, 1.1, 1.15, 1.2, 1.25, 1.3, 1.35, 1.4, 1.45, 1.5, 1.55, 1.6, 1.65, 1.7, 1.75, 1.8, 1.85, 1.9, 1.95, 2.0, 2.05, 2.1, 2.15, 2.2, 2.25, 2.3, 2.35, 2.4, 2.45, 2.5, 2.55, 2.6, 2.65, 2.7, 2.75, 2.8, 2.85, 2.9, 2.95, 3.0, 3.05, 3.1, 3.15, 3.2, 3.25, 3.3, 3.35, 3.4, 3.45, 3.5, 3.55, 3.6, 3.65, 3.7, 3.75, 3.8, 3.85, 3.9, 3.95, 4.0, 4.05, 4.1, 4.15, 4.2, 4.25, 4.3, 4.35, 4.4, 4.45, 4.5], "CV": [0.11762374149440659, 0.0, 0.0, 0.25476647424886434, 0.1752050254469145, 1.24248068226653, 1.505954177065082, 4.452691523869087, 5.862353493078357, 8.73324435224554, 8.510596306462487, 15.438225051687851, 16.1986679810751, 13.215149187731015, 16.16579208014164, 18.345132694630166, 17.890533317180836, 21.33403440607552, 18.71404737134387, 18.058505401931114, 18.857853639704164, 16.271425536964227, 13.124109102237552, 13.448858505068324, 14.88548811673062, 12.468756950703748, 10.16945609521957, 9.944649778177897, 10.682078128519686, 6.525586558173024, 5.702887173398366, 6.075859188262489, 6.508376584002526, 6.928427581956794, 4.233162639232655, 5.18649466965854, 4.506151632836456, 4.14157403641714, 4.34096729945712, 6.1787210001025965, 1.9345102054710148, 3.0114433091506068, 2.285428981215152, 2.5913205077055594, 2.333715760092728, 1.83825738608358, 1.858551784803068, 1.8440600383124393, 1.0218638494860355, 1.271651302662847, 2.1464322806834777, 0.893793008490747, 0.7597724670637058, 1.0502398621335036, 0.5904170184524121, 0.7841127994707031, 1.3613495278264314, 0.9661739294734338, 0.9786666257554307, 0.4134138249198142, 1.3887464562110527, 0.5177773820948651, 1.3661592801264961, 1.3649554024667139, 0.3741584415882271, 0.16667533587144087, 0.24579094478756783, 1.64112933873767, 0.1785625801286677, 0.36843570008655163, 0.40554279140856647, 0.2929841740345176, 0.12349910326302105, 0.11995577792799157, 0.07829689564368907, 0.6485598131399608, 0.15015644194967848, 0.17464293451104249, 0.417247067869751, 0.29177747615141214, 0.03477322774982142, 0.4031794022529044, 0.09846656935641357, 0.0, 0.17554417778446976, 0.548328698660819, 0.038891710325330564, 0.4474682604185109, 0.0, 0.10979345097843954], "ppfx_cov_frac": [[0.10391623333333337, 0, 0, -0.007414040167775601, 0.0061029823869349345, 0.006066680187469901, 0.005917838676210957, 0.0026844802602925227, 0.003692444037969413, -0.0021124988844075966, 0.003862913871858375, 0.004191095365856511, 0.002317505807622178, 0.001379468358574975, 0.0031841058976816916, 0.0022827860707369386, 0.0041420495730006045, 0.0028263425645226417, 0.0037962183549826657, 0.0018363721569272418, 0.004280351971627272, 0.005018939414019577, 0.0028740307304274226, -0.002650081982740328, 0.004489781017406136, 0.00034852758647191943, 0.0039432966283082195, 0.0028667194767406025, 0.0021759217032586414, -0.0003352975139858625, 0.002694541062130669, 0.004755787586253621, 0.002878600664594693, 0.004586494415283692, 0.002008196499999322, 0.001843137940742529, 0.0035503851814455622, 0.0024964524171709602, 0.0033087098950599103, -0.008618601858833091, 0.004687437335143419, -0.0006112330408091771, 0.0038277001888540564, 0.002757403779394849, -0.0033479964578458006, 0.002403887849644126, 0.005376764960302509, 0.005457704851126841, 6.0335594331224844e-05, -0.0012808975751891715, -0.005016599513590632, 0.0010902805524274997, 0.007942540324651174, -0.0034257686325862868, 0.005704533238871166, 0.002677668509815763, 0.000622496878385952, -0.007739806140374044, -0.0015186139200238798, -0.007347945969849313, -0.023675170914779713, -0.013596126705962604, -0.001889192120110472, -0.0006630608370349723, 0.007281091567791176, 0.007111446376381375, 0.005397813168139621, 0.0022007704065774196, 0.00578197712030116, -0.001898225453960212, -0.012148582069886404, 0.004258354915599823, 0.0004777433212699503, 0.011655572024795032, -0.012844878572862881, 0.0030962819931087088, 0.004023069414211907, -6.977476905535866e-05, 0.010548521981511414, 0.002216037791175748, 0.011281861666632203, 0.021281055680781327, 0.0021978703518510667, 0, 0.002252899337610527, 0.0004031876436025594, 0.008326423333333336, 0.009663299580822144, 0, 0.0015046044141175136], [0, 0, 0, 0, 0, 0, 0, 0, 0, 0, 0, 0, 0, 0, 0, 0, 0, 0, 0, 0, 0, 0, 0, 0, 0, 0, 0, 0, 0, 0, 0, 0, 0, 0, 0, 0, 0, 0, 0, 0, 0, 0, 0, 0, 0, 0, 0, 0, 0, 0, 0, 0, 0, 0, 0, 0, 0, 0, 0, 0, 0, 0, 0, 0, 0, 0, 0, 0, 0, 0, 0, 0, 0, 0, 0, 0, 0, 0, 0, 0, 0, 0, 0, 0, 0, 0, 0, 0, 0, 0], [0, 0, 0, 0, 0, 0, 0, 0, 0, 0, 0, 0, 0, 0, 0, 0, 0, 0, 0, 0, 0, 0, 0, 0, 0, 0, 0, 0, 0, 0, 0, 0, 0, 0, 0, 0, 0, 0, 0, 0, 0, 0, 0, 0, 0, 0, 0, 0, 0, 0, 0, 0, 0, 0, 0, 0, 0, 0, 0, 0, 0, 0, 0, 0, 0, 0, 0, 0, 0, 0, 0, 0, 0, 0, 0, 0, 0, 0, 0, 0, 0, 0, 0, 0, 0, 0, 0, 0, 0, 0], [-0.007414040167775601, 0, 0, 1.1291856665672029, 8.605389962589254e-05, 0.06523971801843652, 0.07785729221040709, 0.07001256123329588, 0.0945357896651956, 0.08351919058916946, 0.07674165147054882, 0.04897466346302267, 0.09684598811278802, 0.06437526922058599, 0.07932477603280039, 0.07807932274494468, 0.054467470810184535, 0.07030135996057736, 0.06412817398793523, 0.09439690860894134, 0.06322928580261727, 0.04844710710207147, 0.06052065680365827, 0.09709792633090755, 0.08230255883536033, 0.06661261309711966, 0.0395698407365171, 0.04466872739078032, 0.06041801556487641, 0.057163417392774835, 0.04377002633303697, 0.04372272763803475, 0.04926039358103037, 0.0697523970595757, 0.07974899836872912, 0.035874626778175996, 0.01866018810853207, 0.08096327710080133, 0.0376434032363805, 0.09955888250104876, 0.04749417059095422, 0.050930880352719796, 0.025839335216557742, 0.0420647403182851, 0.03905786418854829, 0.022853944743669218, 0.06338392167425497, 0.07967931993782923, 0.029019869691889386, 0.08252867598630452, 0.09074789010019553, 0.028940219953056477, 0.018157564299265645, 0.05902890217633806, 0.07706515327013308, 0.04726459217441184, 0.10380760798051697, 0.04166454872007729, 0.048794157793552964, 0.041234083995680015, 0.16235047662932492, 0.13455733031543413, 0.033307582762043784, 0.04933193515415983, 0.04252085396749793, 0.02352191623692835, 0.10585464993281546, 0.050731382779133416, -0.015326526895375541, 0.04618082086216675, 0.16459502907608833, 0.07734705231151559, 0.07721896534548102, 0.018932962748018412, 0.023706089522441166, 0.1644884029251026, 0.06153944954597313, 0.0034678015676986897, 0.038115590124426425, 0.06771763846245252, -0.038243320970248434, -0.03759893846819648, 0.2780146307319687, 0, 0.00473936478586393, 0.0007410231367165742, -0.030664374072686355, -0.016749721237475135, 0, 0.06612167475001156], [0.0061029823869349345, 0, 0, 8.605389962589254e-05, 0.03848601188429447, 0.025767291719038476, 0.013465642207161071, 0.012531943601371217, 0.014954927845586705, 0.009318707481005873, 0.014488469189436866, 0.012587595904424022, 0.011656867727373007, 0.012746892451781637, 0.01191087908998673, 0.014153557434212096, 0.01595908931277083, 0.013917540239928758, 0.014531934581688388, 0.009484641145333364, 0.013978538090864866, 0.012319025225332306, 0.011171433949638961, 0.00015116984808454445, 0.012954457594012526, 0.01058912188669695, 0.012486647945060044, 0.012672132923094609, 0.006587511354815145, 0.00569000303097066, 0.00836200575554126, 0.012119689402675616, 0.011837195214654246, 0.011523215913251884, 0.008108588575021475, 0.007464824924755857, 0.01156377399062819, 0.009040408788916309, 0.007180935632392269, -0.0029727396078895758, 0.01751777477922053, 0.0012801799648736796, 0.010747656646364595, 0.009258575055821778, -0.004927234921011333, 0.005307068084279706, 0.019282070256098186, 0.011653358439856404, 0.0031418078201223957, 0.010539750086049168, -0.004640547383640985, 0.0024776482658291745, 0.016354294565650344, -0.0077518165414866835, -0.0006830314540877621, 0.0016988491365183818, 0.0032850401343495475, -0.01409406034318057, -0.004455102211790798, -0.010812918795387094, -0.046136887271628534, -0.025113987352289806, -0.006252297375262445, -0.0008227932593922934, 0.01885921749758801, 0.014220091586960922, 0.004117475297683202, 0.017687623768578853, 0.009073526065123457, 0.009216367606931123, -0.0048265464806238265, 0.0048247182942663105, -0.0015950969810511523, 0.0303145195580146, 0.014725893373396701, 0.002694929668152446, 0.004405001162252399, -0.0007420941231008937, 0.030975679535924453, 0.017587583545995475, 0.012552969304485753, 0.03101707950133232, 0.01685599467480545, 0, 0.005747070337878174, 0.0005175221659053697, 0.015514494683670176, 0.025228724849191374, 0, 0.005983251714203686], [0.006066680187469901, 0, 0, 0.06523971801843652, 0.025767291719038476, 0.07168242850366754, 0.017141563029480614, 0.025234599356011987, 0.028762365115441394, 0.025950366468960272, 0.02822597142289205, 0.020987475879960072, 0.029304693508894017, 0.0234680904602477, 0.02536048688375987, 0.02893496052444937, 0.0245825553086442, 0.023808927394273944, 0.02351275232873404, 0.022597775906433134, 0.024891264240630175, 0.018719975814347513, 0.019598448726330694, 0.02415354242898086, 0.02389065707425878, 0.021901823439813707, 0.018336475175733936, 0.020059719105781332, 0.017806110681034198, 0.015663465877687115, 0.01484446720028078, 0.015127300554730336, 0.021466070485399134, 0.0178372413132696, 0.015666747309568425, 0.01139328303852975, 0.01264773570136883, 0.022720842803780936, 0.009510456021137304, 0.021912609562597662, 0.02936432586153317, 0.014524118653167517, 0.0128687974792559, 0.017975786177330942, 0.007269168332468926, 0.00874935586990823, 0.029986374286502644, 0.013645539475294427, 0.005155884958866246, 0.028109651920981724, 0.022059489754728063, 0.003810246539293449, 0.01629359210370785, 0.005665319021792592, 0.006900412210481892, 0.004703988587717817, 0.019787666000530016, -0.0011519104386010389, 0.007234728798037886, -0.003605346951179686, -0.002056066165696835, 0.0016290727990677693, 0.0022415887567487675, 0.008530329864810837, 0.02669018965902662, 0.007148025979196417, 0.0070823811117327416, 0.024984033578929372, 0.010076610085233457, 0.012375793759380973, 0.04553327042536033, 0.0066441804202213945, 0.0032416856008237655, 0.026951159814041344, 0.010480642160396802, 0.016013839013853684, 0.00699788105918389, 0.0007982842311445249, 0.0357433098938806, 0.03926083997939314, 0.011978820510855808, 0.0158317877003518, 0.0644231009684766, 0, 0.004542923567120364, 0.0006412854529315641, 0.005529561161098278, 0.018518038135309525, 0, 0.00949875964346538], [0.005917838676210957, 0, 0, 0.07785729221040709, 0.013465642207161071, 0.017141563029480614, 0.030594519395769303, 0.01600250431180367, 0.0241376323892431, 0.01384761276783717, 0.0199472987633245, 0.015433643089337102, 0.018418885818363016, 0.017813254560402367, 0.018351863811786023, 0.01739919280272887, 0.01996946862772194, 0.019461146773387727, 0.018302736309086357, 0.0202925287212666, 0.019209854725580736, 0.01803408126502168, 0.01672503909282621, 0.0052573215427987015, 0.023369315417465626, 0.013060740021844227, 0.015445151992563414, 0.014634420815321193, 0.013631602928727227, 0.009726552047533692, 0.013278271595556628, 0.0177648164390634, 0.014662146895042135, 0.0217301628754237, 0.019968873198867188, 0.010811327664536616, 0.012066649133502649, 0.016121306156122187, 0.015533760171761637, -0.002844261965815806, 0.01644390068632456, 0.002876826037728129, 0.011659787872622058, 0.010265278149398462, -0.0027719049449855065, 0.008629533500921901, 0.02250803316288616, 0.029347666589783862, 0.005057180444296661, 0.013095042173086187, -0.003981575146354196, 0.0108679638240541, 0.018695785125552783, -0.0007807069786502986, 0.017698829931488656, 0.014620833171238943, 0.025173706217785478, -0.009395622849476344, 0.0003868281734747175, -0.011163832482410976, -0.03049299989338332, -8.056627396426772e-05, -0.0038222678221803107, 0.008693572283837266, 0.018585064373630427, 0.02807156179295344, 0.030608177661377474, 0.01053319567647304, 0.007850532132903848, 0.01831760935579243, -0.013267058226048865, 0.027697137418319966, 0.018586214965269708, 0.032270873559232346, -0.0011494381248396148, 0.0412283874407463, 0.02169096835330186, -0.00013861615433496434, 0.031064510842267242, 0.01149090210976503, 0.008880449018368987, 0.02961684664427184, 0.04471407962073745, 0, 0.007849391193697363, 0.0012862126416032054, 0.011757179162294625, 0.01903972285899397, 0, 0.026810067341038864], [0.0026844802602925227, 0, 0, 0.07001256123329588, 0.012531943601371217, 0.025234599356011987, 0.01600250431180367, 0.016623503011998005, 0.020092148828809466, 0.016200336156935745, 0.018110057887781233, 0.01336799073626115, 0.019175661083627074, 0.015209417398651719, 0.016609767652757144, 0.018123607005329934, 0.015919831950722444, 0.01595363190424519, 0.015334130568831827, 0.01713473489900199, 0.016100450686292372, 0.012811004862271467, 0.013359503411782828, 0.01579225926145725, 0.017116383046267034, 0.014229552399347475, 0.01159897412302171, 0.012315279285264505, 0.01172532538874394, 0.01131093323894928, 0.010192450608124268, 0.010976646763136859, 0.01350701625399935, 0.01405481815597777, 0.01330254287130868, 0.008006450413257635, 0.007849883111562933, 0.015268197734504756, 0.0079886917707849, 0.01234618788231208, 0.016704850467183126, 0.008887432308179205, 0.007964065370198899, 0.010880127608810934, 0.0046994024078636405, 0.005819413223121715, 0.01871191865630591, 0.014253296884919487, 0.004226014483596631, 0.01730018813338343, 0.012997290829386028, 0.005343259034694386, 0.01030740457013057, 0.0058458694369124455, 0.009552667394880846, 0.006923697638051148, 0.01563066568283077, 0.0004487727457835904, 0.005761329415386486, -0.00041504161830329815, 0.0035208612832079936, 0.01071286154735177, 0.002111982122613352, 0.0075976403730670765, 0.01663727531047685, 0.010131478845283691, 0.012757683429429345, 0.01277497631315166, 0.004303149867096625, 0.01053989581143225, 0.02384846370685934, 0.011247380583181062, 0.008505065628998056, 0.01770107076865874, 0.009651216642386209, 0.02170412191468139, 0.009343511092141793, 5.9735006957781366e-05, 0.021220702989622687, 0.020946997931905728, 0.004011839057930365, 0.008711228330494728, 0.045903350621821576, 0, 0.0030181164162685257, 0.0003894389498445576, 0.0030099052763208605, 0.010433570064552486, 0, 0.01103974191434272], [0.003692444037969413, 0, 0, 0.0945357896651956, 0.014954927845586705, 0.028762365115441394, 0.0241376323892431, 0.020092148828809466, 0.028743741647097996, 0.02072486418945523, 0.023673733260432126, 0.01738675351233934, 0.024935652842074364, 0.020288825822576812, 0.021708645520101915, 0.023011556625427993, 0.02174634139854939, 0.021636331965806072, 0.02042546265798209, 0.022702852820200178, 0.021460389279864416, 0.01803535128742136, 0.01826335832058148, 0.01574130168743711, 0.024455540394749353, 0.01724785948795492, 0.016552543233403712, 0.016599286202510367, 0.015977566798987222, 0.01369374953443077, 0.01435317170830788, 0.016215342022953466, 0.017405047961293815, 0.02076001607590439, 0.018934936908593138, 0.010894095170766746, 0.01205018626592024, 0.01992488950872756, 0.01291460057753933, 0.009225944834690174, 0.020915037132913213, 0.008807835954207527, 0.011351798721298583, 0.013840073448888178, 0.0031088731754591314, 0.008271329950646321, 0.024759446228156876, 0.024290182299701805, 0.005521036895540439, 0.020873527133237712, 0.009328749599756773, 0.008731829778881655, 0.01691540842152223, 0.005025261344187755, 0.014798100529284841, 0.011168171340387303, 0.021103096777264546, -0.0037653882711453377, 0.004689658020153118, -0.006942365232481514, -0.010039836776144215, 0.011757023960542982, -0.00033445061485968023, 0.009889202462898945, 0.021907928138851018, 0.021786085034059568, 0.022456819763503815, 0.013497293427738772, 0.008232406011298697, 0.018294453628893672, 0.013751051848466103, 0.01918110710008494, 0.013537197811755277, 0.02824628444796341, 0.004133517160521759, 0.0333674347861915, 0.016102281024656242, -4.82326681084883e-05, 0.030637707259710184, 0.021269394112288405, 0.0072300272576864754, 0.019571618624664663, 0.056068057636594795, 0, 0.005807786636921637, 0.0007992404319775627, 0.008316844962277201, 0.016977868377929948, 0, 0.019930274675833148], [-0.0021124988844075966, 0, 0, 0.08351919058916946, 0.009318707481005873, 0.025950366468960272, 0.01384761276783717, 0.016200336156935745, 0.02072486418945523, 0.02482908536653988, 0.019159700667375323, 0.014093486549191011, 0.022886313304056057, 0.017089043298628002, 0.018569913419223177, 0.021033192798520853, 0.016107707492096397, 0.017016263810359644, 0.016082085760559636, 0.01905041986358506, 0.016055346580200094, 0.012648442666865363, 0.014398473785731008, 0.020373837008651134, 0.018294626311048865, 0.015626582601702608, 0.012030356178446673, 0.01299958419578306, 0.013905981051524047, 0.012994095697076564, 0.010829952146751094, 0.00996390452438625, 0.014247734234100924, 0.013880258711787658, 0.0144512255850635, 0.008444172797583952, 0.007512808644219406, 0.01738030267883732, 0.008320893294978001, 0.02392253403353375, 0.01674671854225538, 0.011683794100671576, 0.007468897232606317, 0.011482284088868885, 0.009596463942360115, 0.0061579455572804125, 0.018081707584020792, 0.014887096744906549, 0.005865761273753809, 0.022390878523449113, 0.018660572578113464, 0.004805343293838643, 0.008469295750077514, 0.00851550153574996, 0.01036466162026548, 0.0066751847616246356, 0.013307321684349248, 0.004570900032205774, 0.008648054477023154, 0.00438597446894712, 0.018297575242256215, 0.015172357289529695, 0.004022704248654548, 0.008453930503528568, 0.015632771702176664, 0.0105620253972561, 0.01132620286323184, 0.013011755718829263, 0.002873521598940704, 0.016845343676838865, 0.033758611723494654, 0.009449385126300749, 0.008646254672399144, 0.011640795011644582, 0.005832370545589007, 0.02191137040401022, 0.009251918206251484, 0.0006332757119057763, 0.018099186703608456, 0.021454398884596052, 0.0012550766647406477, 0.0012755401153436668, 0.050948082566694114, 0, 0.0020187825905771083, 0.00021254562767669991, -0.0003080107916050078, 0.006667532248011017, 0, 0.014024648537841314], [0.003862913871858375, 0, 0, 0.07674165147054882, 0.014488469189436866, 0.02822597142289205, 0.0199472987633245, 0.018110057887781233, 0.023673733260432126, 0.019159700667375323, 0.021892670611910792, 0.016022888051371306, 0.02234412547781458, 0.018283341830664133, 0.019572504033428095, 0.020916540895927694, 0.01931906509418446, 0.01891528693527071, 0.01815811467672253, 0.019809061781633053, 0.01893182321417336, 0.015854345195317823, 0.015983961733715517, 0.015612994520143673, 0.020878150310919767, 0.015768688696325105, 0.01437543765461517, 0.014805298462737553, 0.01400340525953399, 0.012417642482643465, 0.01241773960681609, 0.013695564998699774, 0.01577820499109256, 0.01751859703039696, 0.016157512622168073, 0.009930332342591944, 0.010485748874497642, 0.017894006071319173, 0.010717049151527241, 0.012068177650933484, 0.019280645746171783, 0.009170415878790385, 0.009844125613621012, 0.012559330052219559, 0.005805078944195742, 0.007530409223536971, 0.022811881289058512, 0.01952346563330153, 0.005013416729081681, 0.019320907645513724, 0.011250100020379752, 0.006223434374427955, 0.013341057518958426, 0.0053081028985212525, 0.012383753599877333, 0.0089564302379158, 0.017344575264560666, -0.001951707218812215, 0.005349653161702876, -0.0034521883931527626, -0.003775208976371044, 0.007507338559295543, 0.0007958517824633436, 0.008442359136545298, 0.019672578406675037, 0.015812517294418238, 0.01682936943885131, 0.01386207762514214, 0.0070495129007677425, 0.015043103416224923, 0.01983775069170653, 0.014920344936334545, 0.010401286321830683, 0.023166717299879222, 0.006860939287392704, 0.026468279093802883, 0.01229023078314461, -0.00010191506964346706, 0.027056173907623635, 0.022519949210125147, 0.006503027538944196, 0.015273873042916457, 0.051299829905302866, 0, 0.004432554265805239, 0.0006478114393346876, 0.005726578891993421, 0.014118209155512464, 0, 0.015367785154135068], [0.004191095365856511, 0, 0, 0.04897466346302267, 0.012587595904424022, 0.020987475879960072, 0.015433643089337102, 0.01336799073626115, 0.01738675351233934, 0.014093486549191011, 0.016022888051371306, 0.016241583980555918, 0.016796357697683825, 0.013625084208391515, 0.014344513628254821, 0.01540707438435235, 0.015007546012995253, 0.01418996077735759, 0.013275856816204254, 0.014279636079993316, 0.014191129217010713, 0.012491688852867435, 0.012014755708536206, 0.009120652198030132, 0.015131558505562451, 0.011401202499123235, 0.011178460609684087, 0.01114769451365944, 0.009753720716256327, 0.009103758330020733, 0.009513501267752737, 0.010586414527045852, 0.011205873135230734, 0.01322507849746627, 0.011674910761630564, 0.0075681124019321595, 0.008503052631809182, 0.012652511224627272, 0.008258975642191685, 0.006406447787246362, 0.014277378077220515, 0.005664457110985805, 0.007727236973631853, 0.009156904300393004, 0.002866314464543569, 0.006225814529838246, 0.01754451164751518, 0.014710690744873401, 0.00396992965829164, 0.013801500063221927, 0.005224720148372345, 0.004424111803904283, 0.0108803503589806, 0.0023693261238631053, 0.007952977790604294, 0.006286505390620625, 0.011343487339689314, -0.0037182294304086913, 0.0020853541435244365, -0.004296520182108934, -0.010481615143628413, 0.0033833072553745075, -0.00044359448222437784, 0.006184668524411493, 0.014825270081731517, 0.013367520109697972, 0.011598743928050156, 0.010050684143171439, 0.00495185297631961, 0.01228798095724548, 0.008247235181916605, 0.010361838560208779, 0.0065875376672921634, 0.018668239333510386, 0.0084304822717194, 0.017409535730395175, 0.008731218872022665, 3.933785648134257e-06, 0.02071384668350085, 0.01789782491821014, 0.004575921576444281, 0.014183704257376912, 0.034577290081761324, 0, 0.003734297790763787, 0.00048490778906988113, 0.007042222928797404, 0.012916982986722314, 0, 0.011327936232995512], [0.002317505807622178, 0, 0, 0.09684598811278802, 0.011656867727373007, 0.029304693508894017, 0.018418885818363016, 0.019175661083627074, 0.024935652842074364, 0.022886313304056057, 0.02234412547781458, 0.016796357697683825, 0.02635583120164792, 0.01913714629290033, 0.02091057821057231, 0.02297341555875402, 0.01913269080288696, 0.019292495454326108, 0.01856691024833594, 0.021703247926815838, 0.019185278866392805, 0.015418021555535644, 0.01648243776501742, 0.020633328750250497, 0.021466715729391482, 0.01752797923362343, 0.013994119306863301, 0.015000302468276118, 0.014977621957944312, 0.014264023744567533, 0.012538176914863234, 0.012476767389538285, 0.01594209654176787, 0.016902031515579327, 0.016906128852624252, 0.009682080889233037, 0.009166862896890891, 0.019849841527461522, 0.010167640475923534, 0.0198252077383026, 0.019222902199390074, 0.011888696131599394, 0.009096567373538622, 0.01331752660003384, 0.006960259596325569, 0.007340554863803589, 0.02219364339510399, 0.018211985040404728, 0.005664305043071849, 0.02291417044564527, 0.01799528326540806, 0.0056293120452129706, 0.010911743722157105, 0.008943393638166583, 0.013201226780986714, 0.00866511910059058, 0.01755483215154057, 0.002545170864874842, 0.008385354443345719, 0.0005694471984103823, 0.01184052369308521, 0.017387411925529, 0.0032351869000427904, 0.010063175483310274, 0.01883686544176439, 0.012269144468331605, 0.01527182574799565, 0.014302659263708085, 0.004695595140674673, 0.016148715141744516, 0.03209663196003211, 0.01338885419597369, 0.010921675291666273, 0.017167088577533948, 0.006652154649592239, 0.027284163349154907, 0.011974808826861888, 0.00034646717805053513, 0.023832817380657567, 0.024891981189398282, 0.003103884133432743, 0.006560170650271639, 0.05669538769960478, 0, 0.0031291486956336895, 0.00040173579157662707, 0.002269135876319683, 0.010455947156508197, 0, 0.014373835882432594], [0.001379468358574975, 0, 0, 0.06437526922058599, 0.012746892451781637, 0.0234680904602477, 0.017813254560402367, 0.015209417398651719, 0.020288825822576812, 0.017089043298628002, 0.018283341830664133, 0.013625084208391515, 0.01913714629290033, 0.01783024995358198, 0.01693236121939563, 0.018288796817921095, 0.016803713179799527, 0.01660895006348327, 0.015683669964563492, 0.017399112277928282, 0.01610403431416009, 0.013644770391186752, 0.014420618577055082, 0.01301816168028144, 0.01849274034955329, 0.013613600688880834, 0.012766487211359184, 0.013383478388372345, 0.012107630245375214, 0.011114330001756675, 0.010580844071481342, 0.012066333553191528, 0.013438948766419292, 0.015458479629642688, 0.014475891026796044, 0.008767976234984818, 0.009543380684572748, 0.01547707854804486, 0.009761109074659378, 0.011397999947565289, 0.01613824951601957, 0.007449557311768729, 0.008737015779870703, 0.010596941906893009, 0.0061229864430749235, 0.00633341390176519, 0.019228283677807736, 0.01817310099590129, 0.00497608111466496, 0.0172802505198623, 0.008468147854079955, 0.005262239493879553, 0.012264655647176406, 0.004199416149643938, 0.011740491367802927, 0.008155890799662632, 0.014823307574021736, -0.0016175503648481254, 0.004125802143097771, -0.0018654214460169405, -0.004656369024921864, 0.007421901962179764, 0.0003571383149675581, 0.006653203326423766, 0.01626001632806135, 0.015426190039928461, 0.014976784559390773, 0.012447783525747937, 0.005669966974716435, 0.015981396149300234, 0.014380962672345758, 0.013491494176305976, 0.009424673347356758, 0.021091603647145938, 0.011478414632434574, 0.023360423948505318, 0.011199645938189234, -7.102954859931275e-05, 0.025287224823104533, 0.01901060994431904, 0.0067313440279319495, 0.013771001300068997, 0.04266632582890359, 0, 0.0036773813980927527, 0.0005941438819933242, 0.005502165351947682, 0.014733909471080697, 0, 0.014898208326411744], [0.0031841058976816916, 0, 0, 0.07932477603280039, 0.01191087908998673, 0.02536048688375987, 0.018351863811786023, 0.016609767652757144, 0.021708645520101915, 0.018569913419223177, 0.019572504033428095, 0.014344513628254821, 0.02091057821057231, 0.01693236121939563, 0.01863086453785777, 0.019500131218224012, 0.017238087068078542, 0.017415089942180575, 0.016806972072750802, 0.01902785584833519, 0.017386061782638695, 0.014339665177852462, 0.014780075595401388, 0.015841998315887663, 0.019475691955067705, 0.014889640029864473, 0.01308051568111517, 0.01355917530631793, 0.013570651465819768, 0.011914703084377462, 0.011346144166756075, 0.012445330203586036, 0.01457164913670499, 0.016205450823293614, 0.015394892060120844, 0.009083436009810347, 0.009038986783276573, 0.01690180494850925, 0.010071627180361477, 0.013582438117670433, 0.01727642861086072, 0.009028694209977439, 0.008832248717301781, 0.011493740605865256, 0.005370727597123719, 0.006834815678055586, 0.019752419438044216, 0.01862289303718555, 0.004973663815735788, 0.018663349632731002, 0.012049915393744346, 0.005615457781070594, 0.011686652235878423, 0.005800422848390889, 0.012053762667536782, 0.00874162151635796, 0.016761367838278265, -3.596312350543058e-06, 0.006177218172524421, -0.0010701361549084255, 0.0019016624605411037, 0.010195154505798375, 0.001852392356540696, 0.008264284918201274, 0.017009263944411435, 0.014153851258912335, 0.016300669508382475, 0.012722446326759557, 0.005202492607490644, 0.014412427602689855, 0.020563142371251793, 0.014084528830476577, 0.01068209373450066, 0.019231341301331056, 0.004905269083947539, 0.026375428130505144, 0.0119838352737188, 0.0001527041466812774, 0.023329159987344056, 0.02048031469542602, 0.005489908886946748, 0.01110839302141566, 0.04914485713810067, 0, 0.00372037205719021, 0.0005797673682886701, 0.0038789251768989157, 0.011384513352893508, 0, 0.01603219679285666], [0.0022827860707369386, 0, 0, 0.07807932274494468, 0.014153557434212096, 0.02893496052444937, 0.01739919280272887, 0.018123607005329934, 0.023011556625427993, 0.021033192798520853, 0.020916540895927694, 0.01540707438435235, 0.02297341555875402, 0.018288796817921095, 0.019500131218224012, 0.02251067263420217, 0.018617038728228848, 0.018739004432401226, 0.01792510113178626, 0.019921038799095726, 0.018333926582458544, 0.014912200593806057, 0.015750473076719076, 0.018220762501453835, 0.02003679923458673, 0.016222864730826344, 0.013734099506464464, 0.014692681362789757, 0.013766870102672017, 0.013263973797731615, 0.011990931794256168, 0.012674919975772036, 0.015873179552948896, 0.01609145171555889, 0.01548086676685246, 0.009402602211844859, 0.009466363352713171, 0.0181198448254147, 0.009460551145125113, 0.016880435828251415, 0.019343180762771663, 0.010481169415489905, 0.009266164126493066, 0.012859327854254187, 0.006100035276604916, 0.006817110982239669, 0.021464927159953864, 0.017023909175669007, 0.005255534213986346, 0.021305933413792923, 0.014881327687363824, 0.005786049487587755, 0.011176564422603893, 0.006203658492806769, 0.011255377621854617, 0.007612410543921129, 0.015369828373573162, 0.00016251027789916046, 0.00615357136845869, -0.0010620887002810778, 0.0035611332105754774, 0.009762684909654146, 0.0021514030457990578, 0.007938982201996712, 0.019019633771132336, 0.013605996266876051, 0.01356361273397727, 0.014573231421780148, 0.004878985036141541, 0.015562032905376751, 0.026767681504784004, 0.011990640807013803, 0.009030784847857659, 0.019747585204119875, 0.007018195960798902, 0.02392602256682026, 0.010679884854728537, 0.0001114095668222302, 0.024348548797091793, 0.023055376587511126, 0.004103995872158226, 0.0100880451988973, 0.05198544470286546, 0, 0.0035173038009666583, 0.0004751103903040632, 0.003397184867815449, 0.012600392514570834, 0, 0.012470902088174555], [0.0041420495730006045, 0, 0, 0.054467470810184535, 0.01595908931277083, 0.0245825553086442, 0.01996946862772194, 0.015919831950722444, 0.02174634139854939, 0.016107707492096397, 0.01931906509418446, 0.015007546012995253, 0.01913269080288696, 0.016803713179799527, 0.017238087068078542, 0.018617038728228848, 0.019175779328884278, 0.01787920910076051, 0.01684843796492629, 0.017277983318250704, 0.017619968211437447, 0.015528130284432408, 0.01501222153228297, 0.009175434807962811, 0.01947901909540523, 0.013206082066525252, 0.014285260725598721, 0.014094534406783404, 0.012027143126974194, 0.010207666491566117, 0.011803953951375906, 0.014063597319716119, 0.014411492121388779, 0.01708266880362579, 0.014712576788669973, 0.009160629965995922, 0.011213293012536214, 0.015161048986792602, 0.011172021747131939, 0.0031204937258799007, 0.018013035833606764, 0.00558822629904936, 0.010131572243640237, 0.011138681434785695, 0.0010836978888259451, 0.007221580097815895, 0.021660546633920016, 0.019893855939032215, 0.0042129421006273406, 0.01574903263396775, 0.003415785331864992, 0.006447987827337013, 0.015437658705164958, 0.0007497219065443998, 0.01079399047707189, 0.0086601748896023, 0.014763013127292448, -0.007226154188828933, 0.0013860619656752182, -0.008491156083917163, -0.021481381841770602, 0.0009890558295667263, -0.002097671914662328, 0.006859289736201863, 0.019479368588121805, 0.020100338307715144, 0.016713061824960778, 0.011769863046221879, 0.00753209249972787, 0.016256104052265765, 0.0033609768752856763, 0.014779756792888451, 0.009097283715195706, 0.026804136891863905, 0.005196683207740874, 0.023587577765728833, 0.012338781836894, 0.00021326982028670757, 0.028954904077100222, 0.017527980412264037, 0.00909625808286264, 0.0226478486178548, 0.04076031570675481, 0, 0.0058165328036329095, 0.0007862527042449295, 0.010193016346745269, 0.019107438085118496, 0, 0.0160427364858759], [0.0028263425645226417, 0, 0, 0.07030135996057736, 0.013917540239928758, 0.023808927394273944, 0.019461146773387727, 0.01595363190424519, 0.021636331965806072, 0.017016263810359644, 0.01891528693527071, 0.01418996077735759, 0.019292495454326108, 0.01660895006348327, 0.017415089942180575, 0.018739004432401226, 0.01787920910076051, 0.01832524055535994, 0.01667950321832813, 0.018117775296594096, 0.01723432412262807, 0.015063749466899406, 0.015055472562938479, 0.011662033592190696, 0.019717247601683016, 0.013689127275069957, 0.013940937063235717, 0.013782194918112512, 0.012659388079393949, 0.011197120191738503, 0.011873557203529114, 0.013695905336716158, 0.014342930046318515, 0.016855925270223872, 0.015168497550373802, 0.009336225725492428, 0.010238578352587189, 0.015518010280424899, 0.010740938761014463, 0.007353948419698487, 0.01768037902659548, 0.0067602233210132725, 0.009654852881287207, 0.011075700070918449, 0.0036739928590083116, 0.007028896393845732, 0.02030960169204977, 0.01979462983261368, 0.004868025958282712, 0.017059678560911406, 0.0062478680441686715, 0.007619220735031799, 0.014193986876616129, 0.002208006151632791, 0.011886184476263967, 0.00872130726237471, 0.01702382092883562, -0.004621488077381821, 0.0027815649885888083, -0.005451514575024337, -0.012520194252828548, 0.003609364728841664, -0.0005367417048852301, 0.0071647386473354165, 0.01886964650379753, 0.01827709875218462, 0.017400474931865147, 0.01177902914791139, 0.006763481976404193, 0.015464710782774121, 0.008630131633384478, 0.015098075470632534, 0.010062297736123178, 0.02447419855795306, 0.005767146072909753, 0.025319508352287787, 0.012124102892953776, 0.0002914501745641901, 0.02641858302550233, 0.017671595648360766, 0.007266816364521556, 0.017896378646861066, 0.04410964381337942, 0, 0.00500831256398039, 0.0006895712383846758, 0.007339116161215134, 0.01692065846594071, 0, 0.017006811832173507], [0.0037962183549826657, 0, 0, 0.06412817398793523, 0.014531934581688388, 0.02351275232873404, 0.018302736309086357, 0.015334130568831827, 0.02042546265798209, 0.016082085760559636, 0.01815811467672253, 0.013275856816204254, 0.01856691024833594, 0.015683669964563492, 0.016806972072750802, 0.01792510113178626, 0.01684843796492629, 0.01667950321832813, 0.016590492860545796, 0.017424526473444824, 0.01666760569232284, 0.014093139509751872, 0.014217488535936317, 0.012133807346323085, 0.018715094694341735, 0.013593460584772028, 0.012913548761157915, 0.01303975105584703, 0.012347672507888128, 0.010606655279358213, 0.011006987045632311, 0.012874650980039317, 0.01379923976997136, 0.01597340569917211, 0.014451228799840812, 0.00864568887929077, 0.00924627913747316, 0.015182943680862433, 0.010200568105258491, 0.007918217388854901, 0.016735401392204027, 0.007023005255904345, 0.009147125530893354, 0.010675301780307303, 0.001635120110878988, 0.006532844810184234, 0.019562821591378735, 0.0179850019680996, 0.004460096523074937, 0.016512772465312263, 0.007624217889725702, 0.0054452767246770326, 0.013356853596597053, 0.003054817504956561, 0.011488951291883402, 0.008693477005284245, 0.016011015128345397, -0.0031707023956264774, 0.004210533113792037, -0.0037922523947817857, -0.008343920991754052, 0.00488929695704513, 2.362005533091592e-05, 0.006893792028900452, 0.01695597119848494, 0.015819547225963224, 0.0163318029469682, 0.012076366036735781, 0.0068433173559027255, 0.013991338936774617, 0.012230581372370564, 0.014459114658285973, 0.009889688375375402, 0.021389771079345796, 0.002898402954195822, 0.024695010431302074, 0.011990675589844858, 1.8385295879781113e-05, 0.023985607247164312, 0.01699605957598522, 0.008387611058094714, 0.015599323898710844, 0.04276461644458038, 0, 0.004656049899550943, 0.0006518709852687609, 0.006340102213994648, 0.013729596930540287, 0, 0.016341479110184735], [0.0018363721569272418, 0, 0, 0.09439690860894134, 0.009484641145333364, 0.022597775906433134, 0.0202925287212666, 0.01713473489900199, 0.022702852820200178, 0.01905041986358506, 0.019809061781633053, 0.014279636079993316, 0.021703247926815838, 0.017399112277928282, 0.01902785584833519, 0.019921038799095726, 0.017277983318250704, 0.018117775296594096, 0.017424526473444824, 0.021502287105238382, 0.01782785595651843, 0.014819276483757733, 0.01555846936608236, 0.017522422967395413, 0.020697927187466037, 0.015809227056592674, 0.01295730829309331, 0.013506960297142816, 0.014255120937992152, 0.013386350083996199, 0.011894513205598777, 0.013072118611652393, 0.014739783212354664, 0.017432910081468543, 0.017292402538997467, 0.009490989466671457, 0.008453312127920647, 0.01787994884354343, 0.010804047828207205, 0.013998765077189338, 0.017033514554699945, 0.009473543158753614, 0.00876155423161989, 0.01164062361877682, 0.005493134256931502, 0.007039887465150419, 0.019955146839800524, 0.020456505582438948, 0.005544297407021802, 0.019855553396900708, 0.013424725077275282, 0.005985256098820659, 0.011262675979315467, 0.00745737698577036, 0.01556213700008048, 0.01068600073577882, 0.01962251434486044, 0.0012596698921958833, 0.007142910566678969, 0.000420511969511366, 0.008117741288762333, 0.016232002555365374, 0.002902539492484158, 0.01028381140724382, 0.016255335080988434, 0.014749633549087683, 0.020313298614982538, 0.012257859732989682, 0.004281202922715725, 0.015667611116862712, 0.022037385398152785, 0.017920578413068884, 0.014272970004698762, 0.018693387377461086, 0.0062711367442056885, 0.03277645989869945, 0.014313397730229493, 0.0003192060095951866, 0.02133472912328352, 0.019752108699060054, 0.0031772360610199946, 0.008320165852925237, 0.054208094911718546, 0, 0.003690541727004463, 0.0006438519677451315, 0.0017185607341814997, 0.009955303732215086, 0, 0.018094516029403162], [0.004280351971627272, 0, 0, 0.06322928580261727, 0.013978538090864866, 0.024891264240630175, 0.019209854725580736, 0.016100450686292372, 0.021460389279864416, 0.016055346580200094, 0.01893182321417336, 0.014191129217010713, 0.019185278866392805, 0.01610403431416009, 0.017386061782638695, 0.018333926582458544, 0.017619968211437447, 0.01723432412262807, 0.01666760569232284, 0.01782785595651843, 0.017802013413607293, 0.014787352329644926, 0.014595015037371864, 0.01197534799063127, 0.019231578636737797, 0.013993569719843963, 0.013435351338580879, 0.013476695324492667, 0.012484962995247033, 0.010662470535567915, 0.011455154006308522, 0.01335675259584908, 0.014347877697198539, 0.016430766425355115, 0.014795495334209418, 0.008961011282367986, 0.009865670236414475, 0.015514925414193477, 0.010460555482877356, 0.006912190586603766, 0.017569149236673062, 0.006969604403538401, 0.009446419227947464, 0.011201612294153757, 0.0014653314748670327, 0.007014512998497029, 0.02063795811026338, 0.018137197481964764, 0.004098841334293186, 0.01669429729002574, 0.007102025896792743, 0.006034354154922913, 0.013843629812163201, 0.00282792073930234, 0.010933742729098486, 0.008774791711229546, 0.01590813832494824, -0.004024214113978901, 0.003740231107996912, -0.005673302588222775, -0.011280069947201314, 0.003088754898076645, -0.0003975307209417588, 0.007444823463752454, 0.017973341239858904, 0.01625857281037945, 0.01648311284881202, 0.012005175595501962, 0.007568085433842961, 0.013856199896375985, 0.011098155367896018, 0.01483192172645914, 0.009903568456148816, 0.02366737623984312, 0.0006624492092708312, 0.02495550290003401, 0.012294538249600029, 2.5596343323917303e-05, 0.025541489291149747, 0.01873636301604985, 0.009252599582072186, 0.0171932357820235, 0.04392537326433782, 0, 0.004859697538103639, 0.000711200484084049, 0.0072167872476860935, 0.014552469490082256, 0, 0.015495102540417539], [0.005018939414019577, 0, 0, 0.04844710710207147, 0.012319025225332306, 0.018719975814347513, 0.01803408126502168, 0.012811004862271467, 0.01803535128742136, 0.012648442666865363, 0.015854345195317823, 0.012491688852867435, 0.015418021555535644, 0.013644770391186752, 0.014339665177852462, 0.014912200593806057, 0.015528130284432408, 0.015063749466899406, 0.014093139509751872, 0.014819276483757733, 0.014787352329644926, 0.014160100531957388, 0.012645224836624952, 0.006475768420756446, 0.016843702101671066, 0.010694231354822713, 0.012136442831197284, 0.011550337361599734, 0.010511174027666952, 0.008522437459008667, 0.010335525458855778, 0.012713751358007062, 0.01179048078498328, 0.01492599238276616, 0.012924201678584034, 0.008163363170931803, 0.009426166603242539, 0.012390863797983627, 0.010330417123868925, 0.0009883389915690847, 0.014366011289713347, 0.004030901393687466, 0.008554698109642206, 0.00896581670124623, 0.0008074750407343347, 0.006595113721857995, 0.017646833812023435, 0.018646098963079, 0.003759506102406841, 0.012233397302960658, 0.0009436176618438541, 0.006332246035563706, 0.013622872795259873, 0.00041125066373584314, 0.011