{"bins": [0.0, 0.1, 0.2, 0.30000000000000004, 0.4, 0.5, 0.6000000000000001, 0.7000000000000001, 0.8, 0.9, 1.0, 1.1, 1.2000000000000002, 1.3, 1.4000000000000001, 1.5, 1.6, 1.7000000000000002, 1.8, 1.9000000000000001, 2.0, 2.1, 2.2, 2.3000000000000003, 2.4000000000000004, 2.5, 2.6, 2.7, 2.8000000000000003, 2.9000000000000004, 3.0, 3.1, 3.2, 3.3000000000000003, 3.4000000000000004, 3.5, 3.6, 3.7, 3.8000000000000003, 3.9000000000000004, 4.0, 4.1000000000000005, 4.2, 4.3, 4.4, 4.5], "CV": [0.11762374149440659, 0.25476647424886434, 1.4176857077134444, 5.95864570093417, 14.595597845323898, 23.94882135815034, 29.413817168806116, 34.51092477477181, 39.22456772325635, 36.77255277327498, 35.12927917666839, 26.572967607305877, 27.35424506743437, 20.114105873397467, 17.20766468669271, 11.778746361660854, 13.43680416595932, 9.419657308891196, 8.647725669253596, 10.519688299559716, 4.945953514621621, 4.876749488920711, 4.171973146176308, 3.702611823115507, 2.2935151521488826, 3.040225289174225, 1.8100123291972094, 1.3745298179231151, 2.3275234572998653, 1.3920804506752449, 1.906523838305918, 2.73111468259321, 0.540833777459668, 1.8869202835252379, 0.5469982802152193, 0.6985269654430841, 0.24345488119101263, 0.7268567087836498, 0.324799376460721, 0.7090245440211632, 0.4379526300027258, 0.09846656935641357, 0.7238728764452887, 0.48635997074384146, 0.10979345097843954], "ppfx_cov_frac": [[0.10391623333333337, -0.007414040167775601, 0.006071166603426862, 0.0035016608507809806, 0.00021906901563700922, 0.004074470828519129, 0.0018960608533105713, 0.002704987127799007, 0.003426443507301603, 0.0028337642829809216, 0.004622456075471369, 7.821916194395331e-05, 0.002602092931908204, 0.0034110242618945563, 0.0012236031482981424, 0.003757798835778888, 0.00375924296786674, 0.0019173147078391296, 0.003045635061056303, -0.0036967763427437172, 0.001461235268366022, 0.0032589850966689904, -0.0008135976394277073, 0.005417076509367061, -0.000683318052603338, -0.00322124351608118, 0.001346203360893624, 0.003977831245672565, -0.0028487631605809225, -0.0032497828752929463, -0.020937884855405382, -0.0012763967184255458, 0.00722880994183575, 0.0026172183973862916, 0.0006089063546286016, -0.0052669967926733344, 0.005985314708285486, 0.001379102568072062, 0.0018223683954755906, 0.007119541662523696, 0.020487124495195106, 0.0021978703518510667, 0.0008517555193012279, 0.009556396449631814, 0.0015046044141175136], [-0.007414040167775601, 1.1291856665672029, 0.05718768693863733, 0.07199519386088782, 0.0879440314733594, 0.0588421062922297, 0.08225742274805863, 0.07866272463951582, 0.06307943916378826, 0.07899274189088233, 0.05638237275352246, 0.07903279777501433, 0.07515068461994809, 0.042090790081938244, 0.05918378869732567, 0.04374562813294011, 0.05982669791625302, 0.055591623325558726, 0.04849842137677593, 0.07400935449560517, 0.04958668047544171, 0.034460902734318004, 0.03191808318819559, 0.07149973131939256, 0.05868810326099046, 0.07257711057101683, 0.04187271118794339, 0.06006515728469088, 0.07801151833559743, 0.046549000896235204, 0.15480236091765717, 0.04131622718406438, 0.0366657198035086, 0.05791176026077665, 0.026102310362761217, 0.1280004841649426, 0.04850012122255561, 0.14932335324232407, 0.03031462662504154, 0.05029741235584977, -0.037650102128297565, 0.2780146307319687, 0.0017106486333199461, -0.01786240459938288, 0.06612167475001156], [0.006071166603426862, 0.05718768693863733, 0.0612290954325369, 0.021901293822630244, 0.02516457378861772, 0.022287272122738195, 0.024885991900182435, 0.02551092147472832, 0.023010823784022465, 0.021702728591861526, 0.020942419704024037, 0.01988817075422991, 0.02161133397677226, 0.01837155475646291, 0.01566546712079562, 0.01441074444867489, 0.01861618482437768, 0.01262667502924924, 0.016592438692411896, 0.014869672440600768, 0.018759358560152883, 0.014887162485421566, 0.006890772471141144, 0.021061279179767665, 0.016567885641496766, 0.01431634903476651, 0.009167672735948611, 0.005033012895308488, 0.00923865328699874, 0.002735307987225779, -0.005921071661200142, 0.004281783231370622, 0.02026745893066881, 0.021820158738552923, 0.011321781759595894, 0.025514348533227593, 0.014825463361410187, 0.014005607649114838, 0.0034138883543367066, 0.03574185162914589, 0.017259168438634932, 0.05854450882123651, 0.0016119621876182792, 0.018341115785922422, 0.009064294759708767], [0.0035016608507809806, 0.07199519386088782, 0.021901293822630244, 0.017281333269335408, 0.01781836742094361, 0.015554706915100235, 0.017584024850354086, 0.01752340510005108, 0.016887177151803597, 0.01699213257912651, 0.015610108546909269, 0.013663302789329037, 0.01652581815608417, 0.012734374357068638, 0.011715402720300852, 0.011859527044421022, 0.014931119113258924, 0.011533961380430507, 0.012061252294683186, 0.009080027331174868, 0.010994336428634906, 0.009868704930444758, 0.004449585817984049, 0.018872881799471837, 0.010979384056502608, 0.008127987837014378, 0.007636790986025616, 0.010047024600838126, 0.009706416089029413, 0.0021654053801359835, -0.0015285855024400026, 0.004241806134328556, 0.01637018899957959, 0.012867611979449032, 0.010120648052614456, 0.014860979665992731, 0.01614296243334329, 0.024514655601357887, 0.005767399935673008, 0.021588647279035787, 0.013299851634565438, 0.045602781042485024, 0.0014947017359433954, 0.012017859777109226, 0.015025444143002737], [0.00021906901563700922, 0.0879440314733594, 0.02516457378861772, 0.01781836742094361, 0.02348789908647294, 0.017390838659199933, 0.021312420022500164, 0.02089226080044531, 0.01864412368745531, 0.019148035492638108, 0.016644886411373405, 0.017247648429870515, 0.018721877585046107, 0.014142711599501074, 0.014183259462544714, 0.012363571877442027, 0.016097328040085086, 0.01249484019033707, 0.01367767019924316, 0.014778794527015896, 0.013615563250875162, 0.010835541546961274, 0.006997795082431996, 0.019717960663886754, 0.014628596626778553, 0.012404698720766981, 0.009106687510054045, 0.010054310890366874, 0.010122267772350806, 0.004913329315283408, 0.008785576436160998, 0.005650037662313391, 0.017203073544412698, 0.01354415599546573, 0.013379041146312689, 0.020536522355415587, 0.014404537072290426, 0.024211536524744, 0.005742551851532354, 0.02241300354152429, 0.008229641947575724, 0.05300453164494286, 0.001198133715888372, 0.010196768355960778, 0.016396656069548075], [0.004074470828519129, 0.0588421062922297, 0.022287272122738195, 0.015554706915100235, 0.017390838659199933, 0.016855033166283163, 0.017201024743586976, 0.016820365741970236, 0.01617501425336902, 0.015616728413261144, 0.014861825642439163, 0.012414337565220854, 0.015249916924260642, 0.012380277176869169, 0.010891319576671535, 0.011136574499231472, 0.013820799336532116, 0.010591772113885086, 0.011749518397504818, 0.008713090949263452, 0.010487243651054485, 0.009481923878702905, 0.00513503548947129, 0.017924533226430624, 0.010673825122198364, 0.006689053151680073, 0.00691494984317176, 0.008219908028248964, 0.006599165334197984, 0.0010947232283542551, -0.0045821519829731564, 0.003490378129309968, 0.015835490945328948, 0.011672470962205247, 0.010795976355657157, 0.01220490853181503, 0.01401514569317862, 0.019254632146781796, 0.00460307897662766, 0.021557283356478385, 0.013831874763955521, 0.040519911788631686, 0.0013769337614455888, 0.012802562112202893, 0.012763561092889349], [0.0018960608533105713, 0.08225742274805863, 0.024885991900182435, 0.017584024850354086, 0.021312420022500164, 0.017201024743586976, 0.021062685157973167, 0.0200510737199613, 0.01808659272081194, 0.018498228169957814, 0.016328177766123535, 0.01639414524922719, 0.018142591506581353, 0.013853581286213877, 0.013369911114459022, 0.011985603854515012, 0.015557915546851786, 0.01221173435183772, 0.013430416236439499, 0.01354080378483656, 0.013000911999943375, 0.0106142299226625, 0.006718024680548727, 0.019533154219038475, 0.013687363226499619, 0.011289338392227437, 0.008788061326120082, 0.01020114832061039, 0.009830049997039915, 0.004393934504472381, 0.006732114744876228, 0.005235176298212997, 0.01644899664139429, 0.013686825331071897, 0.012502220864386722, 0.019648388390714255, 0.014526528333930849, 0.02372228598426215, 0.005460446072342231, 0.023565820497166223, 0.00939762271760795, 0.05039235859864735, 0.0011883667623454064, 0.01168576749249384, 0.014609427884563776], [0.002704987127799007, 0.07866272463951582, 0.02551092147472832, 0.01752340510005108, 0.02089226080044531, 0.016820365741970236, 0.0200510737199613, 0.02016008823952278, 0.01805146135496886, 0.01843326525405885, 0.016386458341057755, 0.016212265229745643, 0.01787061191292395, 0.013790730799612634, 0.013279418305028766, 0.012142044033473798, 0.015717956666545935, 0.012033737389966635, 0.013233123678720255, 0.013029352383920738, 0.013154445798634888, 0.010740282236552405, 0.006228549172488226, 0.01922348473290793, 0.013409599083447772, 0.01124753674795432, 0.00828178807949377, 0.009639600793405912, 0.009406099355711016, 0.004017364666476337, 0.004734152256250297, 0.005050010510162031, 0.016778845164306735, 0.013854701003534267, 0.011761403831678794, 0.01929377380662337, 0.014584432428393437, 0.023021868280600374, 0.005290049155949483, 0.023038994374124506, 0.01010446772792337, 0.050654841473392054, 0.0012730664751122393, 0.011358499317655518, 0.014139102813241383], [0.003426443507301603, 0.06307943916378826, 0.023010823784022465, 0.016887177151803597, 0.01864412368745531, 0.01617501425336902, 0.01808659272081194, 0.01805146135496886, 0.018280882927246726, 0.0172369294531045, 0.01642147054945275, 0.012754268725590623, 0.01680992210953926, 0.014012288380556728, 0.011754703169178024, 0.012884721186088776, 0.015707180251629912, 0.011819680278942896, 0.012920690690073738, 0.007698619526557196, 0.010765293302278576, 0.010526999293309146, 0.004530078812488868, 0.02038495615573586, 0.01116317833916002, 0.005582006113597157, 0.007091424955275921, 0.009850867799022991, 0.006942406842943342, -0.000522656509362842, -0.011441498703747688, 0.0028865421469066923, 0.019135707616323154, 0.012466803764442714, 0.0129818408208915, 0.0098868204649572, 0.01746370843542801, 0.02248045285808443, 0.005787840896760971, 0.023472841999107787, 0.019113747259378484, 0.04258199750496112, 0.0018596951724869748, 0.017176204978028898, 0.016567091954955242], [0.0028337642829809216, 0.07899274189088233, 0.021702728591861526, 0.01699213257912651, 0.019148035492638108, 0.015616728413261144, 0.018498228169957814, 0.01843326525405885, 0.0172369294531045, 0.01819193481954986, 0.01594618415956615, 0.01482746877422377, 0.017406408817482125, 0.013100247512337505, 0.012786597166483086, 0.012231436298964065, 0.015513605399830037, 0.012110269468455085, 0.01252086636427983, 0.010736193182477514, 0.01161180498645194, 0.010122300395760444, 0.004962684615780405, 0.01947819523617035, 0.012290179807544446, 0.009072700129601277, 0.008202016960817684, 0.011311648270639138, 0.009989017263896229, 0.0034606852454802163, 0.0026513658601669426, 0.004996432244125046, 0.0162057846257638, 0.012962892723770741, 0.011801668699460402, 0.016674292684320937, 0.015995548835952778, 0.02606668416838056, 0.006160002441796215, 0.02090015626546368, 0.01153268695555339, 0.04838435459520133, 0.0015049448443910539, 0.011251921253134194, 0.017202371930726084], [0.004622456075471369, 0.05638237275352246, 0.020942419704024037, 0.015610108546909269, 0.016644886411373405, 0.014861825642439163, 0.016328177766123535, 0.016386458341057755, 0.01642147054945275, 0.01594618415956615, 0.01552150978876505, 0.011533901332404768, 0.015545489195668678, 0.012710465635435748, 0.010850392675780833, 0.012031341880449997, 0.014488727377375145, 0.010990064392527348, 0.011772127627513118, 0.006739959174565437, 0.009706327371227575, 0.009635225187470337, 0.003654371377406787, 0.0188144324554783, 0.009866795654285975, 0.004814814181628783, 0.00675946147173498, 0.009606371073997878, 0.006607049574500935, -0.00028100146035328665, -0.010840890104257171, 0.0029176023721325397, 0.017004966735960712, 0.011339675800075192, 0.011754962074880559, 0.009178867943498542, 0.016335459499919963, 0.021241984350857147, 0.005559252862499173, 0.021296173943035793, 0.01756953273866135, 0.0390302690354863, 0.0017529017010474062, 0.014772193780726816, 0.015678883528904147], [7.821916194395331e-05, 0.07903279777501433, 0.01988817075422991, 0.013663302789329037, 0.017247648429870515, 0.012414337565220854, 0.01639414524922719, 0.016212265229745643, 0.012754268725590623, 0.01482746877422377, 0.011533901332404768, 0.01757572378754745, 0.014500714534605774, 0.009395116337244614, 0.011828157403906667, 0.007856771896577188, 0.011450121308944022, 0.009026415582700228, 0.009650440868126334, 0.015459022591797166, 0.012742901279447041, 0.007626025108406105, 0.00829521958141743, 0.012058793688609707, 0.01271735728678521, 0.016284631167539063, 0.00854145727045744, 0.007933294969324389, 0.012214756718090391, 0.009835961141017518, 0.028001265789264103, 0.0072982574884087005, 0.009397506545481412, 0.011556154235093893, 0.006525538733252338, 0.027389880387019172, 0.007322585774196874, 0.019527714961797664, 0.0034487857990891614, 0.01602643816691436, -0.005086171220173602, 0.048731981145649965, 6.71950656587877e-05, 0.0017020770169480204, 0.008331215672382862], [0.002602092931908204, 0.07515068461994809, 0.02161133397677226, 0.01652581815608417, 0.018721877585046107, 0.015249916924260642, 0.018142591506581353, 0.01787061191292395, 0.01680992210953926, 0.017406408817482125, 0.015545489195668678, 0.014500714534605774, 0.017901529302515012, 0.013065000281181892, 0.012497192975715006, 0.012008332808987731, 0.015145415523973246, 0.01207757202656236, 0.012259053560927352, 0.011498461082032316, 0.011539922291294578, 0.009875596813980517, 0.005460496172769324, 0.019118974229602306, 0.012440466031445933, 0.00883092592297202, 0.008182032161251058, 0.0110662680331107, 0.009350545196118701, 0.003854964542317773, 0.0019981886630584186, 0.004649669584118533, 0.01630204850592657, 0.0132398256033352, 0.012328781453936158, 0.016495216343546226, 0.015312543507726484, 0.025282293116453598, 0.00572908149091103, 0.020825311694981172, 0.011557860491328249, 0.04622535469278217, 0.0014291880680766316, 0.012030367110818884, 0.016145759037713443], [0.0034110242618945563, 0.042090790081938244, 0.01837155475646291, 0.012734374357068638, 0.014142711599501074, 0.012380277176869169, 0.013853581286213877, 0.013790730799612634, 0.014012288380556728, 0.013100247512337505, 0.012710465635435748, 0.009395116337244614, 0.013065000281181892, 0.011392721842072344, 0.008967285706425231, 0.010115618796287829, 0.012255151332692301, 0.009157000600317962, 0.0101892214149187, 0.006117788756075923, 0.008214323528456543, 0.00832205263776979, 0.003503242031472951, 0.016035124056404917, 0.008654959279360868, 0.0030948207279830765, 0.005546135989271604, 0.007483219343667588, 0.004821614633384705, -0.0008798155568181867, -0.01233616118843789, 0.001549359479234504, 0.015191442088222594, 0.010017338056815163, 0.010603265988889209, 0.0060811812617792395, 0.013861924525550857, 0.01627873200371519, 0.004436250167729565, 0.01907655013199932, 0.01717307045376847, 0.030102347238977853, 0.0015441643840721393, 0.015120500568460852, 0.013533977300510112], [0.0012236031482981424, 0.05918378869732567, 0.01566546712079562, 0.011715402720300852, 0.014183259462544714, 0.010891319576671535, 0.013369911114459022, 0.013279418305028766, 0.011754703169178024, 0.012786597166483086, 0.010850392675780833, 0.011828157403906667, 0.012497192975715006, 0.008967285706425231, 0.0109199223480088, 0.008121633033521758, 0.010658928410966731, 0.008397859831136051, 0.008497960992334568, 0.009521577035852696, 0.008866493798408356, 0.006888054548383336, 0.004650302930094828, 0.013347381036727692, 0.009806212804913145, 0.008855718118057099, 0.007201284647814199, 0.008015350119446709, 0.009219165023667476, 0.005018089628811617, 0.010739600089942722, 0.005239000170488206, 0.010352545365812937, 0.008956377890797881, 0.008043754925866767, 0.015394957863434358, 0.009467610164423905, 0.018062268462032106, 0.004376543673440774, 0.014087684617513727, 0.0039018004295001147, 0.03583895512004903, 0.0008318710608820551, 0.006353814899276662, 0.012513947975843138], [0.003757798835778888, 0.04374562813294011, 0.01441074444867489, 0.011859527044421022, 0.012363571877442027, 0.011136574499231472, 0.011985603854515012, 0.012142044033473798, 0.012884721186088776, 0.012231436298964065, 0.012031341880449997, 0.007856771896577188, 0.012008332808987731, 0.010115618796287829, 0.008121633033521758, 0.010325076037143716, 0.011610129104651505, 0.008940854411300938, 0.00925953219602464, 0.004114301363053629, 0.006687478097392244, 0.007419491718341849, 0.0024334139410876155, 0.015378320004774453, 0.0072076735186066, 0.001437661149059562, 0.005103367520105128, 0.00848259962618226, 0.0052166625413342564, -0.0016498428953796997, -0.013955851428023028, 0.0015449531974831337, 0.014473004563911967, 0.008339433750322586, 0.009713626078783111, 0.0033308017158182237, 0.01414618598843939, 0.018035083411424988, 0.00505732989415894, 0.015511615739526417, 0.017380576142582614, 0.027833617336158096, 0.0016805188326702264, 0.012937746424937715, 0.014364732320282953], [0.00375924296786674, 0.05982669791625302, 0.01861618482437768, 0.014931119113258924, 0.016097328040085086, 0.013820799336532116, 0.015557915546851786, 0.015717956666545935, 0.015707180251629912, 0.015513605399830037, 0.014488727377375145, 0.011450121308944022, 0.015145415523973246, 0.012255151332692301, 0.010658928410966731, 0.011610129104651505, 0.01491215223300188, 0.010916326521718802, 0.011438952391598634, 0.007191014231138647, 0.009414422927214882, 0.00919937922682479, 0.0034728811141653436, 0.018491664703406643, 0.009795023488114259, 0.004841410676029481, 0.006578562002429193, 0.01000537142536581, 0.00726966477298327, 0.0002880851371855285, -0.008731403182535777, 0.002835641043930142, 0.016315949855785186, 0.011102892955168461, 0.011308119272062211, 0.009181922818074116, 0.01602083452900314, 0.022813076466941033, 0.005849140543761882, 0.019233493973623523, 0.016195916484448496, 0.03821231078146796, 0.0017387493174121926, 0.013341488357859534, 0.016449567336418575], [0.0019173147078391296, 0.055591623325558726, 0.01262667502924924, 0.011533961380430507, 0.01249484019033707, 0.010591772113885086, 0.01221173435183772, 0.012033737389966635, 0.011819680278942896, 0.012110269468455085, 0.010990064392527348, 0.009026415582700228, 0.01207757202656236, 0.009157000600317962, 0.008397859831136051, 0.008940854411300938, 0.010916326521718802, 0.009618673984232435, 0.008702359770297248, 0.0075003582276581895, 0.007104271954965042, 0.006779561182312948, 0.0036016792780854297, 0.014443397742398249, 0.008115298705037332, 0.003998218976401547, 0.005293314681247523, 0.00900586653707793, 0.006796402899129129, 0.001293389814937734, -0.0029081541534884616, 0.0030384780957579223, 0.011754392753140216, 0.009005857465127297, 0.008829191118866181, 0.008873626452112376, 0.012105238934909491, 0.020627369931644553, 0.004832504014386817, 0.013540714244470715, 0.010555703246825789, 0.031449712188859315, 0.0012763505548834917, 0.00901810228166574, 0.012782851627760107], [0.003045635061056303, 0.04849842137677593, 0.016592438692411896, 0.012061252294683186, 0.01367767019924316, 0.011749518397504818, 0.013430416236439499, 0.013233123678720255, 0.012920690690073738, 0.01252086636427983, 0.011772127627513118, 0.009650440868126334, 0.012259053560927352, 0.0101892214149187, 0.008497960992334568, 0.00925953219602464, 0.011438952391598634, 0.008702359770297248, 0.0105320924391812, 0.006309446577932926, 0.007959484909232404, 0.007571141931692988, 0.0039304522941170225, 0.014446112043618184, 0.008277747843148362, 0.004189972195814902, 0.005345436512441097, 0.007155701604530114, 0.005654867066481815, 0.00010226253007128975, -0.007050171705538135, 0.0023303165535713704, 0.013569821239363554, 0.00907550702927531, 0.010150641917726891, 0.008177699284069863, 0.01272999570415611, 0.01607672293460817, 0.0043410585083805174, 0.01689415625300304, 0.014193781259811402, 0.030111040513407038, 0.0012547202257776522, 0.010633123245118812, 0.011679431230176158], [-0.0036967763427437172, 0.07400935449560517, 0.014869672440600768, 0.009080027331174868, 0.014778794527015896, 0.008713090949263452, 0.01354080378483656, 0.013029352383920738, 0.007698619526557196, 0.010736193182477514, 0.006739959174565437, 0.015459022591797166, 0.011498461082032316, 0.006117788756075923, 0.009521577035852696, 0.004114301363053629, 0.007191014231138647, 0.0075003582276581895, 0.006309446577932926, 0.028642990376522303, 0.011973326517782273, 0.00481298069629517, 0.011907269830425737, 0.006573631651025, 0.013572562338927226, 0.018877796350190403, 0.00667107408155694, 0.004833656985189627, 0.012396033551902875, 0.013792347478317389, 0.042733298356582655, 0.007936290900700065, 0.0018128945061042857, 0.009567453149238424, 0.001100639378061544, 0.03125862207295549, 0.000813884122379844, 0.014187593758189886, 0.001801206567855041, 0.010600760083020975, -0.01526818691281391, 0.03967176286330177, -0.0010060952233910227, -0.007366557410501512, 0.0024431617426250492], [0.001461235268366022, 0.04958668047544171, 0.018759358560152883, 0.010994336428634906, 0.013615563250875162, 0.010487243651054485, 0.013000911999943375, 0.013154445798634888, 0.010765293302278576, 0.01161180498645194, 0.009706327371227575, 0.012742901279447041, 0.011539922291294578, 0.008214323528456543, 0.008866493798408356, 0.006687478097392244, 0.009414422927214882, 0.007104271954965042, 0.007959484909232404, 0.011973326517782273, 0.011792760313535728, 0.006676842824861919, 0.007230306346623318, 0.009585902862791961, 0.009959626459255, 0.012239077689422163, 0.005915418816070535, 0.004881793726683212, 0.008127978467423915, 0.006404305444979137, 0.014747063093676838, 0.0049797451038806236, 0.009514885804133514, 0.009908190496543292, 0.004984562950212515, 0.020509728844914487, 0.005927045731687714, 0.012471058949485221, 0.002552739088454717, 0.014641897047315531, -0.0007630638690383566, 0.03873209988736643, 0.0002629247676247201, 0.003239431434287076, 0.0046013222141707555], [0.0032589850966689904, 0.034460902734318004, 0.014887162485421566, 0.009868704930444758, 0.010835541546961274, 0.009481923878702905, 0.0106142299226625, 0.010740282236552405, 0.010526999293309146, 0.010122300395760444, 0.009635225187470337, 0.007626025108406105, 0.009875596813980517, 0.00832205263776979, 0.006888054548383336, 0.007419491718341849, 0.00919937922682479, 0.006779561182312948, 0.007571141931692988, 0.00481298069629517, 0.006676842824861919, 0.006704653016254587, 0.002265203654402302, 0.011700629096664555, 0.006703408458615214, 0.0034421198800025418, 0.0041439681824335176, 0.005081211857249175, 0.0036821244324607124, -6.734771866431074e-05, -0.007374057647008292, 0.001339348513670524, 0.01084086370213533, 0.008087280666495694, 0.006807771221792183, 0.0067021390026569625, 0.009936235617292863, 0.011706875441477565, 0.0030715719471271848, 0.01430592398762035, 0.011691659831958258, 0.02460176660989995, 0.0011385345960623317, 0.010190159071808697, 0.00843175086465789], [-0.0008135976394277073, 0.03191808318819559, 0.006890772471141144, 0.004449585817984049, 0.006997795082431996, 0.00513503548947129, 0.006718024680548727, 0.006228549172488226, 0.004530078812488868, 0.004962684615780405, 0.003654371377406787, 0.00829521958141743, 0.005460496172769324, 0.003503242031472951, 0.004650302930094828, 0.0024334139410876155, 0.0034728811141653436, 0.0036016792780854297, 0.0039304522941170225, 0.011907269830425737, 0.007230306346623318, 0.002265203654402302, 0.022405365356220636, 0.002820107154630943, 0.0063676708808899675, 0.009141821169666449, 0.003245550697772401, 0.003345970915460561, 0.0066480546755217276, 0.006168096598000015, 0.01941124935385051, 0.0036546098420545572, 0.004326243535720432, 0.003342357096030504, 0.001986467824304117, 0.01366402934603956, 0.002750658923926306, 0.006477726774713314, -0.0005052727127757827, 0.009384829913960953, -0.0054842860640514305, 0.028684919722637918, -0.0005463461865892904, -0.0014978193104903726, 0.0008499410990790261], [0.005417076509367061, 0.07149973131939256, 0.021061279179767665, 0.018872881799471837, 0.019717960663886754, 0.017924533226430624, 0.019533154219038475, 0.01922348473290793, 0.02038495615573586, 0.01947819523617035, 0.0188144324554783, 0.012058793688609707, 0.019118974229602306, 0.016035124056404917, 0.013347381036727692, 0.015378320004774453, 0.018491664703406643, 0.014443397742398249, 0.014446112043618184, 0.006573631651025, 0.009585902862791961, 0.011700629096664555, 0.002820107154630943, 0.028920611765853366, 0.011648442560968673, 0.0013842336470650184, 0.00890063939848913, 0.014070021642096945, 0.008057343483874893, -0.0029707766349119083, -0.01968481575946759, 0.002192632200766366, 0.021974644107984578, 0.013584899847333009, 0.014680483917770363, 0.005175929482359011, 0.022746513915085684, 0.031094839016845455, 0.00843754644345454, 0.025944652716401853, 0.027865965034139874, 0.04374317790693522, 0.0025197093639250843, 0.02387355178594079, 0.02435357187107004], [-0.000683318052603338, 0.05868810326099046, 0.016567885641496766, 0.010979384056502608, 0.014628596626778553, 0.010673825122198364, 0.013687363226499619, 0.013409599083447772, 0.01116317833916002, 0.012290179807544446, 0.009866795654285975, 0.01271735728678521, 0.012440466031445933, 0.008654959279360868, 0.009806212804913145, 0.0072076735186066, 0.009795023488114259, 0.008115298705037332, 0.008277747843148362, 0.013572562338927226, 0.009959626459255, 0.006703408458615214, 0.0063676708808899675, 0.011648442560968673, 0.01244382653790671, 0.010834291826588734, 0.006451419493700778, 0.0061877203846969825, 0.007854933648705414, 0.006407638699892096, 0.014628691841499378, 0.004725313335103092, 0.008783873695604742, 0.010034723235007027, 0.0065316353751137856, 0.018336759777037456, 0.007196477066145144, 0.015237456070838358, 0.002856504008645446, 0.014176001777142374, -0.00020942322542903102, 0.035404770957816356, 0.00032010094101072814, 0.005072058638357157, 0.008379216645819131], [-0.00322124351608118, 0.07257711057101683, 0.01431634903476651, 0.008127987837014378, 0.012404698720766981, 0.006689053151680073, 0.011289338392227437, 0.01124753674795432, 0.005582006113597157, 0.009072700129601277, 0.004814814181628783, 0.016284631167539063, 0.00883092592297202, 0.0030948207279830765, 0.008855718118057099, 0.001437661149059562, 0.004841410676029481, 0.003998218976401547, 0.004189972195814902, 0.018877796350190403, 0.012239077689422163, 0.0034421198800025418, 0.009141821169666449, 0.0013842336470650184, 0.010834291826588734, 0.026613727993537672, 0.0068712135640216125, 0.002572490224056494, 0.013845623903678909, 0.016722096141329783, 0.05615557372915375, 0.010166378831749031, 3.388175590371984e-05, 0.007776095543809143, -0.0018216589383811593, 0.03729217456627326, -0.004278854163861353, 0.010129309573916888, 0.0001709669896585728, 0.005967911972886713, -0.027046409439142726, 0.04427143861549213, -0.001537823949359225, -0.014167503452916754, -0.0031497527242078348], [0.001346203360893624, 0.04187271118794339, 0.009167672735948611, 0.007636790986025616, 0.009106687510054045, 0.00691494984317176, 0.008788061326120082, 0.00828178807949377, 0.007091424955275921, 0.008202016960817684, 0.00675946147173498, 0.00854145727045744, 0.008182032161251058, 0.005546135989271604, 0.007201284647814199, 0.005103367520105128, 0.006578562002429193, 0.005293314681247523, 0.005345436512441097, 0.00667107408155694, 0.005915418816070535, 0.0041439681824335176, 0.003245550697772401, 0.00890063939848913, 0.006451419493700778, 0.0068712135640216125, 0.008901346645355034, 0.006475604027503993, 0.007926485159334523, 0.0052000512545718565, 0.01463494099731624, 0.004482899490131169, 0.006522165029667119, 0.00504384464486742, 0.003580163767248346, 0.012152231710572633, 0.005486881707092653, 0.0133387725956159, 0.0030000712212301666, 0.00826011012890212, 0.0004888706059862681, 0.023840601459825434, 0.000315817085564745, 0.0031091402140408877, 0.009524326430942502], [0.003977831245672565, 0.06006515728469088, 0.005033012895308488, 0.010047024600838126, 0.010054310890366874, 0.008219908028248964, 0.01020114832061039, 0.009639600793405912, 0.009850867799022991, 0.011311648270639138, 0.009606371073997878, 0.007933294969324389, 0.0110662680331107, 0.007483219343667588, 0.008015350119446709, 0.00848259962618226, 0.01000537142536581, 0.00900586653707793, 0.007155701604530114, 0.004833656985189627, 0.004881793726683212, 0.005081211857249175, 0.003345970915460561, 0.014070021642096945, 0.0061877203846969825, 0.002572490224056494, 0.006475604027503993, 0.015951843723268615, 0.008600723936757787, 0.00314596323977517, 0.004150461006389479, 0.004100310885259757, 0.010457653213549963, 0.005930789141168783, 0.009023801576978322, 0.006960487050845038, 0.012444286136272855, 0.02739623066836707, 0.006634596217432755, 0.009302434956112831, 0.007995060515386168, 0.030116489937228343, 0.0013581565619925663, 0.00805530551788549, 0.017478502500776722], [-0.0028487631605809225, 0.07801151833559743, 0.00923865328699874, 0.009706416089029413, 0.010122267772350806, 0.006599165334197984, 0.009830049997039915, 0.009406099355711016, 0.006942406842943342, 0.009989017263896229, 0.006607049574500935, 0.012214756718090391, 0.009350545196118701, 0.004821614633384705, 0.009219165023667476, 0.0052166625413342564, 0.00726966477298327, 0.006796402899129129, 0.005654867066481815, 0.012396033551902875, 0.008127978467423915, 0.0036821244324607124, 0.0066480546755217276, 0.008057343483874893, 0.007854933648705414, 0.013845623903678909, 0.007926485159334523, 0.008600723936757787, 0.05043899336573712, 0.010733552138709487, 0.03534066691002911, 0.009210591876959757, 0.006239580906866189, 0.006678104924101265, 0.0009520602995555732, 0.02471755005661441, 0.005700260616829325, 0.021970207110969406, 0.005887819775105001, 0.003778271472210163, -0.004413796470999079, 0.03739517051843825, 0.0001548299136800263, -0.010036068393722567, 0.008719561632218018], [-0.0032497828752929463, 0.046549000896235204, 0.002735307987225779, 0.0021654053801359835, 0.004913329315283408, 0.0010947232283542551, 0.004393934504472381, 0.004017364666476337, -0.000522656509362842, 0.0034606852454802163, -0.00028100146035328665, 0.009835961141017518, 0.003854964542317773, -0.0008798155568181867, 0.005018089628811617, -0.0016498428953796997, 0.0002880851371855285, 0.001293389814937734, 0.00010226253007128975, 0.013792347478317389, 0.006404305444979137, -6.734771866431074e-05, 0.006168096598000015, -0.0029707766349119083, 0.006407638699892096, 0.016722096141329783, 0.0052000512545718565, 0.00314596323977517, 0.010733552138709487, 0.02158112151501105, 0.050408639624055215, 0.007647268814611134, -0.005537548930965826, 0.004779539616478701, -0.001581064735927971, 0.02887798769994778, -0.007467916377328045, 0.007058639421385209, -0.0007324925597728142, -0.003263867197394227, -0.025087609646969995, 0.022351984024169776, -0.0013036419216552763, -0.016095208765850046, -0.0014975564303436088], [-0.020937884855405382, 0.15480236091765717, -0.005921071661200142, -0.0015285855024400026, 0.008785576436160998, -0.0045821519829731564, 0.006732114744876228, 0.004734152256250297, -0.011441498703747688, 0.0026513658601669426, -0.010840890104257171, 0.028001265789264103, 0.0019981886630584186, -0.01233616118843789, 0.010739600089942722, -0.013955851428023028, -0.008731403182535777, -0.0029081541534884616, -0.007050171705538135, 0.042733298356582655, 0.014747063093676838, -0.007374057647008292, 0.01941124935385051, -0.01968481575946759, 0.014628691841499378, 0.05615557372915375, 0.01463494099731624, 0.004150461006389479, 0.03534066691002911, 0.050408639624055215, 0.203194821571669, 0.027368183704247147, -0.0321673220464112, 0.0014333911489462644, -0.019190203835606337, 0.08947889891442226, -0.033571361684554255, 0.01586032388108027, -0.0038356633326242667, -0.022776439651223647, -0.10473389441239701, 0.06483112553242527, -0.0067843094170741795, -0.06294592678967781, -0.017235736802090812], [-0.0012763967184255458, 0.04131622718406438, 0.004281783231370622, 0.004241806134328556, 0.005650037662313391, 0.003490378129309968, 0.005235176298212997, 0.005050010510162031, 0.0028865421469066923, 0.004996432244125046, 0.0029176023721325397, 0.0072982574884087005, 0.004649669584118533, 0.001549359479234504, 0.005239000170488206, 0.0015449531974831337, 0.002835641043930142, 0.0030384780957579223, 0.0023303165535713704, 0.007936290900700065, 0.0049797451038806236, 0.001339348513670524, 0.0036546098420545572, 0.002192632200766366, 0.004725313335103092, 0.010166378831749031, 0.004482899490131169, 0.004100310885259757, 0.009210591876959757, 0.007647268814611134, 0.027368183704247147, 0.011854924149998742, 0.0006915693991916188, 0.0029928247090434163, 0.0013236462430597246, 0.01621521916769165, 5.587354048236901e-05, 0.009920592248604615, 0.004398149236164027, 0.0017866022222819589, -0.01066696779347775, 0.020361561365184463, -0.00031912540354188005, -0.005785749000630502, 0.0013961132434253565], [0.00722880994183575, 0.0366657198035086, 0.02026745893066881, 0.01637018899957959, 0.017203073544412698, 0.015835490945328948, 0.01644899664139429, 0.016778845164306735, 0.019135707616323154, 0.0162057846257638, 0.017004966735960712, 0.009397506545481412, 0.01630204850592657, 0.015191442088222594, 0.010352545365812937, 0.014473004563911967, 0.016315949855785186, 0.011754392753140216, 0.013569821239363554, 0.0018128945061042857, 0.009514885804133514, 0.01084086370213533, 0.004326243535720432, 0.021974644107984578, 0.008783873695604742, 3.388175590371984e-05, 0.006522165029667119, 0.010457653213549963, 0.006239580906866189, -0.005537548930965826, -0.0321673220464112, 0.0006915693991916188, 0.030472801321046062, 0.010815008177271483, 0.01631148916683695, -0.00022385188164379704, 0.02068117956263214, 0.021233780727311382, 0.006932228864753355, 0.02446632485269643, 0.031482140662621935, 0.03683149393944427, 0.002612861775512301, 0.025133174023113016, 0.019566207598479556], [0.0026172183973862916, 0.05791176026077665, 0.021820158738552923, 0.012867611979449032, 0.01354415599546573, 0.011672470962205247, 0.013686825331071897, 0.013854701003534267, 0.012466803764442714, 0.012962892723770741, 0.011339675800075192, 0.011556154235093893, 0.0132398256033352, 0.010017338056815163, 0.008956377890797881, 0.008339433750322586, 0.011102892955168461, 0.009005857465127297, 0.00907550702927531, 0.009567453149238424, 0.009908190496543292, 0.008087280666495694, 0.003342357096030504, 0.013584899847333009, 0.010034723235007027, 0.007776095543809143, 0.00504384464486742, 0.005930789141168783, 0.006678104924101265, 0.004779539616478701, 0.0014333911489462644, 0.0029928247090434163, 0.010815008177271483, 0.023448965614070224, 0.008406617197210715, 0.018946201929022397, 0.009181666468693648, 0.016733485448377158, 0.003615161528640874, 0.01664483363533648, 0.0073564118603623874, 0.035530110788558, 0.0007974374599367852, 0.006959443012709579, 0.0074746078957252165], [0.0006089063546286016, 0.026102310362761217, 0.011321781759595894, 0.010120648052614456, 0.013379041146312689, 0.010795976355657157, 0.012502220864386722, 0.011761403831678794, 0.0129818408208915, 0.011801668699460402, 0.011754962074880559, 0.006525538733252338, 0.012328781453936158, 0.010603265988889209, 0.008043754925866767, 0.009713626078783111, 0.011308119272062211, 0.008829191118866181, 0.010150641917726891, 0.001100639378061544, 0.004984562950212515, 0.006807771221792183, 0.001986467824304117, 0.014680483917770363, 0.0065316353751137856, -0.0018216589383811593, 0.003580163767248346, 0.009023801576978322, 0.0009520602995555732, -0.001581064735927971, -0.019190203835606337, 0.0013236462430597246, 0.01631148916683695, 0.008406617197210715, 0.02923617711683301, 0.0012963403715884284, 0.014235174126736888, 0.015380465465338018, 0.005085744809263871, 0.013710336273514251, 0.01961116164094479, 0.01892447288858286, 0.0017508110267185596, 0.014002289156094166, 0.01831217478356446], [-0.0052669967926733344, 0.1280004841649426, 0.025514348533227593, 0.014860979665992731, 0.020536522355415587, 0.01220490853181503, 0.019648388390714255, 0.01929377380662337, 0.0098868204649572, 0.016674292684320937, 0.009178867943498542, 0.027389880387019172, 0.016495216343546226, 0.0060811812617792395, 0.015394957863434358, 0.0033308017158182237, 0.009181922818074116, 0.008873626452112376, 0.008177699284069863, 0.03125862207295549, 0.020509728844914487, 0.0067021390026569625, 0.01366402934603956, 0.005175929482359011, 0.018336759777037456, 0.03729217456627326, 0.012152231710572633, 0.006960487050845038, 0.02471755005661441, 0.02887798769994778, 0.08947889891442226, 0.01621521916769165, -0.00022385188164379704, 0.018946201929022397, 0.0012963403715884284, 0.07026721799255022, -0.005157162850571242, 0.021931286328978117, 0.000997827262521931, 0.011025683838012161, -0.039627937828429736, 0.07525485393286792, -0.002395922413477807, -0.02267729343416211, -0.004426786715900818], [0.005985314708285486, 0.04850012122255561, 0.014825463361410187, 0.01614296243334329, 0.014404537072290426, 0.01401514569317862, 0.014526528333930849, 0.014584432428393437, 0.01746370843542801, 0.015995548835952778, 0.016335459499919963, 0.007322585774196874, 0.015312543507726484, 0.013861924525550857, 0.009467610164423905, 0.01414618598843939, 0.01602083452900314, 0.012105238934909491, 0.01272999570415611, 0.000813884122379844, 0.005927045731687714, 0.009936235617292863, 0.002750658923926306, 0.022746513915085684, 0.007196477066145144, -0.004278854163861353, 0.005486881707092653, 0.012444286136272855, 0.005700260616829325, -0.007467916377328045, -0.033571361684554255, 5.587354048236901e-05, 0.02068117956263214, 0.009181666468693648, 0.014235174126736888, -0.005157162850571242, 0.027121217696633296, 0.02732044739171475, 0.008360139310110447, 0.023027355536470635, 0.0347821285425373, 0.030244241146277162, 0.0027979056175732524, 0.021836149160925706, 0.023458938066834606], [0.001379102568072062, 0.14932335324232407, 0.014005607649114838, 0.024514655601357887, 0.024211536524744, 0.019254632146781796, 0.02372228598426215, 0.023021868280600374, 0.02248045285808443, 0.02606668416838056, 0.021241984350857147, 0.019527714961797664, 0.025282293116453598, 0.01627873200371519, 0.018062268462032106, 0.018035083411424988, 0.022813076466941033, 0.020627369931644553, 0.01607672293460817, 0.014187593758189886, 0.012471058949485221, 0.011706875441477565, 0.006477726774713314, 0.031094839016845455, 0.015237456070838358, 0.010129309573916888, 0.0133387725956159, 0.02739623066836707, 0.021970207110969406, 0.007058639421385209, 0.01586032388108027, 0.009920592248604615, 0.021233780727311382, 0.016733485448377158, 0.015380465465338018, 0.021931286328978117, 0.02732044739171475, 0.066105464544111, 0.014237586712045705, 0.01933832357279913, 0.01041697973188538, 0.07621046230164406, 0.0026161192759426443, 0.009671610228619744, 0.03665488375903245], [0.0018223683954755906, 0.03031462662504154, 0.0034138883543367066, 0.005767399935673008, 0.005742551851532354, 0.00460307897662766, 0.005460446072342231, 0.005290049155949483, 0.005787840896760971, 0.006160002441796215, 0.005559252862499173, 0.0034487857990891614, 0.00572908149091103, 0.004436250167729565, 0.004376543673440774, 0.00505732989415894, 0.005849140543761882, 0.004832504014386817, 0.0043410585083805174, 0.001801206567855041, 0.002552739088454717, 0.0030715719471271848, -0.0005052727127757827, 0.00843754644345454, 0.002856504008645446, 0.0001709669896585728, 0.0030000712212301666, 0.006634596217432755, 0.005887819775105001, -0.0007324925597728142, -0.0038356633326242667, 0.004398149236164027, 0.006932228864753355, 0.003615161528640874, 0.005085744809263871, 0.000997827262521931, 0.008360139310110447, 0.014237586712045705, 0.009643918554324005, 0.005205891640295476, 0.009321113830463232, 0.014043362982636367, 0.0011336437957362399, 0.004722066259365374, 0.011302104923909482], [0.0071195416625236