{"ppfx": [[47228.42714108, 28536.78311166, 26929.69063191, 29917.18597241, 30853.98516362, 30088.49661787, 31391.993735, 31843.95868099, 31636.38051991, 29795.72449246, 31556.96740796, 31780.44671299, 33639.73272828, 32839.43283498, 32914.69483463, 33822.0166975, 33029.79641213, 24394.54408901, 31533.19180856, 32277.20466327, 34002.96487869, 32950.45680094, 31456.50265675, 30181.66453345, 25990.87252894, 14444.31491817], [28536.78311166, 18293.39240779, 16965.38053158, 19071.40177693, 19599.25164591, 18985.21216987, 19998.96528842, 20438.86436168, 19998.57717828, 18951.28937009, 19925.14603556, 20022.47552549, 21372.73660076, 20748.62299063, 21001.85911497, 21412.31124728, 20917.09323292, 15474.99401773, 20079.64978275, 20372.49163906, 21498.38114782, 20789.54097791, 19825.08323376, 19050.78679752, 16506.81801912, 9249.76929519], [26929.69063191, 16965.38053158, 16095.49118205, 17853.3607544, 18477.34060465, 18004.97456947, 18731.16591001, 19016.62216058, 19008.75089358, 17806.64605149, 18859.33526875, 19065.00564257, 20211.69553451, 19734.35309316, 19720.61088733, 20313.96491923, 19818.40229429, 14643.57814094, 18893.42309866, 19326.56270808, 20403.60521009, 19738.08971924, 18838.07243421, 18079.23489144, 15609.51306179, 8634.71054931], [29917.18597241, 19071.40177693, 17853.3607544, 20029.42691301, 20604.29030617, 19981.44408934, 20986.22996336, 21413.38362417, 21070.25236264, 19901.96636434, 20973.0504661, 21106.81643835, 22486.62898907, 21864.36370172, 22058.62335638, 22550.98957581, 22021.09315375, 16282.83685751, 21096.44436646, 21460.74621914, 22649.32665606, 21906.13314965, 20893.11793952, 20067.06666479, 17371.88709972, 9702.78883894], [30853.98516362, 19599.25164591, 18477.34060465, 20604.29030617, 21335.57248421, 20706.29885974, 21626.29595102, 21996.33524133, 21843.7674055, 20541.09129223, 21711.93240886, 21920.49083881, 23273.90752295, 22691.39751005, 22753.46230886, 23378.22921178, 22815.35797817, 16844.16450579, 21783.04228204, 22232.2049728, 23467.89246852, 22712.70677071, 21676.45712404, 20788.03657803, 17975.75472593, 9976.11614869], [30088.49661787, 18985.21216987, 18004.97456947, 19981.44408934, 20706.29885974, 20206.57758089, 20986.8299238, 21284.46024646, 21326.19058158, 19958.66815765, 21133.25378181, 21378.24811391, 22664.96174959, 22120.28158457, 22085.010171, 22775.08950979, 22221.85349744, 16416.024714, 21179.25729789, 21685.92167128, 22876.13288882, 22134.1242807, 21128.77999102, 20264.13803546, 17496.24343783, 9661.64057525], [31391.993735, 19998.96528842, 18731.16591001, 20986.22996336, 21626.29595102, 20986.8299238, 22071.70269075, 22456.42722887, 22132.41226003, 20893.73816231, 22013.72471306, 22155.69715737, 23612.43059855, 22956.81383379, 23134.27447528, 23684.19804513, 23113.04736274, 17088.30318838, 22153.98777075, 22548.57720103, 23781.33230211, 22999.06196379, 21929.95417902, 21073.27161916, 18237.8946387, 10167.35760704], [31843.95868099, 20438.86436168, 19016.62216058, 21413.38362417, 21996.33524133, 21284.46024646, 22456.42722887, 23015.04981581, 22421.75357771, 21281.04040564, 22351.82759557, 22450.61942741, 23994.26256969, 23271.05402709, 23585.50749711, 24033.43300716, 23469.70851821, 17360.46529533, 22547.8742523, 22851.04980185, 24108.46905309, 23325.79867389, 22237.26028848, 21356.26754744, 18529.69901731, 10404.02534478], [31636.38051991, 19998.57717828, 19008.75089358, 21070.25236264, 21843.7674055, 21326.19058158, 22132.41226003, 22421.75357771, 22594.35329576, 21047.19438667, 22315.60774943, 22586.71391466, 23962.93365814, 23375.1549255, 23302.40906208, 24072.68441414, 23477.84611875, 17343.88559816, 22357.98720668, 22921.8578995, 24189.19591974, 23387.69226521, 22308.57917231, 21421.97703732, 18488.51594073, 10179.62517221], [29795.72449246, 18951.28937009, 17806.64605149, 19901.96636434, 20541.09129223, 19958.66815765, 20893.73816231, 21281.04040564, 21047.19438667, 19860.20091731, 20923.0183937, 21090.20838615, 22438.72410941, 21836.93648931, 21956.73785984, 22513.99330081, 21978.4068039, 16251.9478264, 21036.90117388, 21437.69761415, 22606.98693661, 21882.87329966, 20871.89461896, 20021.68183337, 17333.28528113, 9643.55247635], [31556.96740796, 19925.14603556, 18859.33526875, 20973.0504661, 21711.93240886, 21133.25378181, 22013.72471306, 22351.82759557, 22315.60774943, 20923.0183937, 22178.91849412, 22381.10623326, 23736.13625109, 23163.72123208, 23167.11307802, 23852.2242601, 23273.16213753, 17187.52881078, 22199.39317338, 22705.26540204, 23962.70131274, 23182.45533498, 22120.41003834, 21229.1488596, 18330.2037226, 10146.09111493], [31780.44671299, 20022.47552549, 19065.00564257, 21106.81643835, 21920.49083881, 21378.24811391, 22155.69715737, 22450.61942741, 22586.71391466, 21090.20838615, 22381.10623326, 22699.75924312, 23987.37027767, 23454.8354577, 23342.85684697, 24131.38133394, 23541.32145403, 17373.27617836, 22389.37523319, 22952.57962062, 24239.49050924, 23457.3891668, 22395.66075021, 21464.89716927, 18522.63880952, 10201.37161118], [33639.73272828, 21372.73660076, 20211.69553451, 22486.62898907, 23273.90752295, 22664.96174959, 23612.43059855, 23994.26256969, 23962.93365814, 22438.72410941, 23736.13625109, 23987.37027767, 25523.96721021, 24825.9665893, 24848.66439557, 25597.15759669, 24967.73042434, 18447.40726192, 23828.09172932, 24348.84035743, 25699.3140912, 24847.38017359, 23705.60151715, 22755.01974827, 19673.60011782, 10880.86399462], [32839.43283498, 20748.62299063, 19734.35309316, 21864.36370172, 22691.39751005, 22120.28158457, 22956.81383379, 23271.05402709, 23375.1549255, 21836.93648931, 23163.72123208, 23454.8354577, 24825.9665893, 24301.42388621, 24177.17597691, 24979.34751038, 24366.34663288, 17977.97776894, 23185.39565393, 23744.59300599, 25089.92217754, 24272.70039952, 23167.72757098, 22215.09520409, 19171.04098341, 10574.99583807], [32914.69483463, 21001.85911497, 19720.61088733, 22058.62335638, 22753.46230886, 22085.010171, 23134.27447528, 23585.50749711, 23302.40906208, 21956.73785984, 23167.11307802, 23342.85684697, 24848.66439557, 24177.17597691, 24366.31855886, 24924.73810921, 24337.38245333, 17990.63262926, 23284.57763298, 23713.96176464, 25029.22518679, 24214.95314643, 23096.67829695, 22177.23518264, 19191.30387173, 10691.43480067], [33822.0166975, 21412.31124728, 20313.96491923, 22550.98957581, 23378.22921178, 22775.08950979, 23684.19804513, 24033.43300716, 24072.68441414, 22513.99330081, 23852.2242601, 24131.38133394, 25597.15759669, 24979.34751038, 24924.73810921, 25743.76567514, 25088.01201541, 18522.11919198, 23898.09686947, 24460.9220221, 25827.65092109, 24981.27375444, 23838.05129528, 22871.28993021, 19757.58805875, 10908.53326773], [33029.79641213, 20917.09323292, 19818.40229429, 22021.09315375, 22815.35797817, 22221.85349744, 23113.04736274, 23469.70851821, 23477.84611875, 21978.4068039, 23273.16213753, 23541.32145403, 24967.73042434, 24366.34663288, 24337.38245333, 25088.01201541, 24504.27830971, 18074.19075251, 23329.63945747, 23859.52043449, 25199.6487054, 24377.63207087, 23266.86169059, 22312.0209138, 19271.47377608, 10654.66345912], [24394.54408901, 15474.99401773, 14643.57814094, 16282.83685751, 16844.16450579, 16416.024714, 17088.30318838, 17360.46529533, 17343.88559816, 16251.9478264, 17187.52881078, 17373.27617836, 18447.40726192, 17977.97776894, 17990.63262926, 18522.11919198, 18074.19075251, 13379.79119241, 17252.09140868, 17640.13640227, 18608.09948339, 17997.09189568, 17167.13818763, 16476.77715179, 14240.47299267, 7879.06575825], [31533.19180856, 20079.64978275, 18893.42309866, 21096.44436646, 21783.04228204, 21179.25729789, 22153.98777075, 22547.8742523, 22357.98720668, 21036.90117388, 22199.39317338, 22389.37523319, 23828.09172932, 23185.39565393, 23284.57763298, 23898.09686947, 23329.63945747, 17252.09140868, 22350.44216889, 22759.03529859, 24000.85089698, 23216.8955768, 22141.35590996, 21253.70780602, 18393.49714618, 10217.30842047], [32277.20466327, 20372.49163906, 19326.56270808, 21460.74621914, 22232.2049728, 21685.92167128, 22548.57720103, 22851.04980185, 22921.8578995, 21437.69761415, 22705.26540204, 22952.57962062, 24348.84035743, 23744.59300599, 23713.96176464, 24460.9220221, 23859.52043449, 17640.13640227, 22759.03529859, 23348.41881036, 24582.95656231, 23780.83343685, 22687.76846881, 21774.8429068, 18797.73624644, 10370.33167452], [34002.96487869, 21498.38114782, 20403.60521009, 22649.32665606, 23467.89246852, 22876.13288882, 23781.33230211, 24108.46905309, 24189.19591974, 22606.98693661, 23962.70131274, 24239.49050924, 25699.3140912, 25089.92217754, 25029.22518679, 25827.65092109, 25199.6487054, 18608.09948339, 24000.85089698, 24582.95656231, 25976.31134721, 25099.64251358, 23949.51289019, 22988.44280325, 19836.51988418, 10950.46099422], [32950.45680094, 20789.54097791, 19738.08971924, 21906.13314965, 22712.70677071, 22134.1242807, 22999.06196379, 23325.79867389, 23387.69226521, 21882.87329966, 23182.45533498, 23457.3891668, 24847.38017359, 24272.70039952, 24214.95314643, 24981.27375444, 24377.63207087, 17997.09189568, 23216.8955768, 23780.83343685, 25099.64251358, 24310.54052389, 23182.36960852, 22228.71370741, 19187.09574631, 10593.12264231], [31456.50265675, 19825.08323376, 18838.07243421, 20893.11793952, 21676.45712404, 21128.77999102, 21929.95417902, 22237.26028848, 22308.57917231, 20871.89461896, 22120.41003834, 22395.66075021, 23705.60151715, 23167.72757098, 23096.67829695, 23838.05129528, 23266.86169059, 17167.13818763, 22141.35590996, 22687.76846881, 23949.51289019, 23182.36960852, 22148.65825845, 21207.92730938, 18306.65256203, 10103.08114562], [30181.66453345, 19050.78679752, 18079.23489144, 20067.06666479, 20788.03657803, 20264.13803546, 21073.27161916, 21356.26754744, 21421.97703732, 20021.68183337, 21229.1488596, 21464.89716927, 22755.01974827, 22215.09520409, 22177.23518264, 22871.28993021, 22312.0209138, 16476.77715179, 21253.70780602, 21774.8429068, 22988.44280325, 22228.71370741, 21207.92730938, 20386.05277308, 17569.76318973, 9700.37611628], [25990.87252894, 16506.81801912, 15609.51306179, 17371.88709972, 17975.75472593, 17496.24343783, 18237.8946387, 18529.69901731, 18488.51594073, 17333.28528113, 18330.2037226, 18522.63880952, 19673.60011782, 19171.04098341, 19191.30387173, 19757.58805875, 19271.47377608, 14240.47299267, 18393.49714618, 18797.73624644, 19836.51988418, 19187.09574631, 18306.65256203, 17569.76318973, 15205.22771867, 8408.36195057], [14444.31491817, 9249.76929519, 8634.71054931, 9702.78883894, 9976.11614869, 9661.64057525, 10167.35760704, 10404.02534478, 10179.62517221, 9643.55247635, 10146.09111493, 10201.37161118, 10880.86399462, 10574.99583807, 10691.43480067, 10908.53326773, 10654.66345912, 7879.06575825, 10217.30842047, 10370.33167452, 10950.46099422, 10593.12264231, 10103.08114562, 9700.37611628, 8408.36195057, 4722.58503832]], "beamline": [[7414.986224887598, 3218.034438954545, 3094.4565566844235, 3382.8748860229057, 3473.399552762673, 3506.242820445681, 3505.320906828823, 3527.113152056777, 3514.0126491107526, 3486.928840059588, 3626.7991689585624, 3610.719663894441, 3633.261058092336, 3579.620253643492, 3747.186228007729, 3719.3656955854026, 3724.7363427690443, 2776.2544086046073, 3611.007007839944, 3835.0102279045186, 3931.271441580415, 3957.8057098260356, 3799.9396066903887, 3468.9182427274427, 2954.56292170659, 1626.451086364721], [3218.034438954545, 1399.5147918750283, 1345.1755093485299, 1470.5157706821265, 1510.5379865357827, 1523.9126197477055, 1523.313095175597, 1534.4730789200669, 1528.150276217243, 1515.4715268855825, 1575.2286270707477, 1570.300899142244, 1579.9084044999465, 1557.597143836077, 1629.7656016631418, 1616.6901190271742, 1618.7557714635395, 1205.5357735638904, 1567.4424405031477, 1666.704093416546, 1707.8364268206328, 1718.3018638676479, 1649.9852941512565, 1507.0408930395008, 1282.219702334522, 707.4842872155657], [3094.4565566844235, 1345.1755093485299, 1295.8020461204248, 1415.929882362827, 1452.528219345153, 1466.8238565491458, 1465.061649677497, 1473.4423064858884, 1469.2207257418474, 1457.696038609189, 1517.6520300771008, 1509.5158430144825, 1518.580282654991, 1496.21435802318, 1566.3072201893015, 1554.5550211669354, 1556.5275003580973, 1160.458417441084, 1508.177272804012, 1601.327247502458, 1642.7110430006726, 1654.4027029925771, 1588.2772742254822, 1449.1675375035625, 1234.056413709914, 679.0204926608502], [3382.8748860229057, 1470.5157706821265, 1415.929882362827, 1548.8275611823526, 1587.774011511984, 1603.2615528382855, 1601.6859492946342, 1610.0340257285352, 1605.9745810530917, 1593.9368063857687, 1659.5485669815946, 1649.9187468724003, 1660.4026400620246, 1634.6810113950849, 1712.0693487760138, 1699.0712545525905, 1701.8203568255974, 1269.1029616853518, 1649.864865800774, 1749.3785817049566, 1796.141828628436, 1809.1635841579678, 1736.4397936320975, 1584.446725312836, 1349.3711583709226, 741.885828642513], [3473.399552762673, 1510.5379865357827, 1452.528219345153, 1587.774011511984, 1631.2215860550566, 1645.3197267747453, 1645.053463405759, 1656.7195760653415, 1650.0598949621117, 1636.2945135447603, 1701.2247124669266, 1695.408714004689, 1705.968819265573, 1681.6375756914204, 1759.4890269893024, 1745.419539976707, 1747.4836601368538, 1301.7998177603329, 1692.0271414226756, 1798.8731076257702, 1843.7258069505438, 1855.310688309584, 1781.170540983758, 1626.8066277927062, 1384.1891847845602, 763.6222996496039], [3506.242820445681, 1523.9126197477055, 1466.8238565491458, 1603.2615528382855, 1645.3197267747453, 1661.8596317974352, 1659.5645231293777, 1669.5789463745577, 1664.0089372122382, 1651.2646016014169, 1718.6827133893814, 1709.9594126996826, 1720.347897453272, 1694.9576716801985, 1774.3322068279695, 1760.6197717589143, 1763.1504563830933, 1314.5562958732971, 1709.084253948944, 1814.3913518267086, 1860.8932964825353, 1874.2721771565743, 1799.0744889138691, 1641.7749694575639, 1398.3932557110534, 769.3911768591921], [3505.320906828823, 1523.313095175597, 1465.061649677497, 1601.6859492946342, 1645.053463405759, 1659.5645231293777, 1659.8958605036748, 1670.6189403065034, 1664.4951851090395, 1650.8010305828634, 1716.3032428214822, 1709.8862214643045, 1720.6430239622061, 1695.4624985658713, 1774.647689571482, 1760.4050829626076, 1762.989495166791, 1313.5918869579116, 1707.574343636923, 1814.475463284426, 1860.2691082812555, 1872.3691810865764, 1797.6597853541448, 1641.5399223760087, 1397.086423505294, 770.0644617508614], [3527.113152056777, 1534.4730789200669, 1473.4423064858884, 1610.0340257285352, 1656.7195760653415, 1669.5789463745577, 1670.6189403065034, 1685.9582452271313, 1676.7033511085763, 1661.4631910876644, 1724.3364585367538, 1722.7324141166332, 1733.4399190271233, 1710.386719098634, 1788.3690430918489, 1773.1649994692402, 1774.8911293286874, 1320.1295290853081, 1715.8926549110301, 1829.1113816883912, 1871.9697269476712, 1881.7165962436166, 1806.9277365114133, 1652.1534605244897, 1404.1330033336903, 777.4441613224914], [3514.0126491107526, 1528.150276217243, 1469.2207257418474, 1605.9745810530917, 1650.0598949621117, 1664.0089372122382, 1664.4951851090395, 1676.7033511085763, 1670.3470453273158, 1655.6310186520093, 1720.3892707538027, 1715.6156422534912, 1726.1210135953518, 1701.7567103724878, 1780.6009785864653, 1765.8418443317264, 1768.2499878221702, 1316.5524994897014, 1710.9794088869203, 1820.5198469637648, 1865.3603955715762, 1876.5047072542116, 1801.9124039338928, 1645.9935012332533, 1399.8962903382803, 772.9535932196063], [3486.928840059588, 1515.4715268855825, 1457.696038609189, 1593.9368063857687, 1636.2945135447603, 1651.2646016014169, 1650.8010305828634, 1661.4631910876644, 1655.6310186520093, 1642.5694164396732, 1708.2577243681221, 1700.6521052197859, 1711.5019043201744, 1686.2944408247217, 1765.0794334734842, 1751.19300015565, 1753.8112514211898, 1306.825712598046, 1698.846938961794, 1804.527276087831, 1850.8506282761361, 1863.1937977641082, 1788.2971599362097, 1633.0061244951664, 1389.8704775490944, 765.8155154615184], [3626.7991689585624, 1575.2286270707477, 1517.6520300771008, 1659.5485669815946, 1701.2247124669266, 1718.6827133893814, 1716.3032428214822, 1724.3364585367538, 1720.3892707538027, 1708.2577243681221, 1780.4413306163697, 1767.511406708664, 1778.8054671765103, 1751.102986319325, 1833.8577588723945, 1820.519126929342, 1823.2139728370544, 1360.789043991233, 1768.6808571389256, 1874.6968559511954, 1925.2622641812695, 1940.4110192215971, 1861.623428974962, 1698.1569629258358, 1447.4383932305186, 794.4388936762759], [3610.719663894441, 1570.300899142244, 1509.5158430144825, 1649.9187468724003, 1695.408714004689, 1709.9594126996826, 1709.8862214643045, 1722.7324141166332, 1715.6156422534912, 1700.6521052197859, 1767.511406708664, 1763.4090621896523, 1773.6157690843554, 1748.328439891555, 1829.5487636750788, 1814.3627766310872, 1816.2588116584484, 1353.032499689711, 1758.4146350394099, 1870.7854496604048, 1916.7591347544053, 1927.7310091451325, 1851.3571777977495, 1691.5441386521136, 1438.6154963469935, 794.1503109305605], [3633.261058092336, 1579.9084044999465, 1518.580282654991, 1660.4026400620246, 1705.968819265573, 1720.347897453272, 1720.6430239622061, 1733.4399190271233, 1726.1210135953518, 1711.5019043201744, 1778.8054671765103, 1773.6157690843554, 1784.928182330172, 1759.131804631527, 1840.803917965552, 1825.5897620985795, 1827.8825768582853, 1361.3638080050757, 1769.573143385965, 1881.9536393353894, 1928.6188747463584, 1940.1689552406042, 1862.7938744922283, 1701.790009657709, 1447.8369091404763, 799.098707698269], [3579.620253643492, 1557.597143836077, 1496.21435802318, 1634.6810113950849, 1681.6375756914204, 1694.9576716801985, 1695.4624985658713, 1710.386719098634, 1701.7567103724878, 1686.2944408247217, 1751.102986319325, 1748.328439891555, 1759.131804631527, 1736.4196702331174, 1815.1167848217146, 1799.8770711667157, 1801.554974224727, 1339.9226912727559, 1741.3705576353218, 1856.9041435817069, 1899.6269773459203, 1909.960254867042, 1834.3507992856692, 1676.725808146287, 1425.2572686171723, 789.0131652286562], [3747.186228007729, 1629.7656016631418, 1566.3072201893015, 1712.0693487760138, 1759.4890269893024, 1774.3322068279695, 1774.647689571482, 1788.3690430918489, 1780.6009785864653, 1765.0794334734842, 1833.8577588723945, 1829.5487636750788, 1840.803917965552, 1815.1167848217146, 1899.1724033599253, 1883.006266591795, 1885.528872291056, 1403.5660354349193, 1824.3419467584713, 1941.8913424383875, 1988.9131842917507, 2000.5768841291392, 1921.193703856442, 1755.4102657647804, 1492.985221309056, 824.5950616392274], [3719.3656955854026, 1616.6901190271742, 1554.5550211669354, 1699.0712545525905, 1745.419539976707, 1760.6197717589143, 1760.4050829626076, 1773.1649994692402, 1765.8418443317264, 1751.19300015565, 1820.519126929342, 1814.3627766310872, 1825.5897620985795, 1799.8770711667157, 1883.006266591795, 1868.9849002855608, 1870.4178627331958, 1392.8414897538826, 1810.5424700469882, 1926.033999335669, 1973.3609874340004, 1985.414507853981, 1906.4117017500414, 1741.2805736160326, 1481.3947828006699, 817.6093846718477], [3724.7363427690443, 1618.7557714635395, 1556.5275003580973, 1701.8203568255974, 1747.4836601368538, 1763.1504563830933, 1762.989495166791, 1774.8911293286874, 1768.2499878221702, 1753.8112514211898, 1823.2139728370544, 1816.2588116584484, 1827.8825768582853, 1801.554974224727, 1885.528872291056, 1870.4178627331958, 1873.863562734132, 1395.0774615625937, 1814.1909689061963, 1928.2089263054017, 1976.5511766211046, 1989.2633894716844, 1909.719730990448, 1743.6781271783793, 1484.2265774628554, 818.3534008648352], [2776.2544086046073, 1205.5357735638904, 1160.458417441084, 1269.1029616853518, 1301.7998177603329, 1314.5562958732971, 1313.5918869579116, 1320.1295290853081, 1316.5524994897014, 1306.825712598046, 1360.789043991233, 1353.032499689711, 1361.3638080050757, 1339.9226912727559, 1403.5660354349193, 1392.8414897538826, 1395.0774615625937, 1041.5099021771437, 1354.0587050342458, 1434.9386104490795, 1473.2227496408914, 1484.030147285565, 1424.3880849074974, 1299.762524263981, 1107.4664940317364, 608.1936788134147], [3611.007007839944, 1567.4424405031477, 1508.177272804012, 1649.864865800774, 1692.0271414226756, 1709.084253948944, 1707.574343636923, 1715.8926549110301, 1710.9794088869203, 1698.846938961794, 1768.6808571389256, 1758.4146350394099, 1769.573143385965, 1741.3705576353218, 1824.3419467584713, 1810.5424700469882, 1814.1909689061963, 1354.0587050342458, 1761.7018488416204, 1865.7338506637097, 1915.6236316004035, 1929.7201577559365, 1852.1674351565819, 1689.7358353791667, 1440.3138731740257, 790.7643581409657], [3835.0102279045186, 1666.704093416546, 1601.327247502458, 1749.3785817049566, 1798.8731076257702, 1814.3913518267086, 1814.475463284426, 1829.1113816883912, 1820.5198469637648, 1804.527276087831, 1874.6968559511954, 1870.7854496604048, 1881.9536393353894, 1856.9041435817069, 1941.8913424383875, 1926.033999335669, 1928.2089263054017, 1434.9386104490795, 1865.7338506637097, 1988.28975956754, 2034.0628733014892, 2045.3944576854715, 1964.9087103236473, 1795.237968667332, 1527.1763861866789, 844.138965030242], [3931.271441580415, 1707.8364268206328, 1642.7110430006726, 1796.141828628436, 1843.7258069505438, 1860.8932964825353, 1860.2691082812555, 1871.9697269476712, 1865.3603955715762, 1850.8506282761361, 1925.2622641812695, 1916.7591347544053, 1928.6188747463584, 1899.6269773459203, 1988.9131842917507, 1973.3609874340004, 1976.5511766211046, 1473.2227496408914, 1915.6236316004035, 2034.0628733014892, 2086.8559465633703, 2100.2710038803853, 2015.8302204397955, 1840.6380766903708, 1567.1381146149276, 862.8866966124651], [3957.8057098260356, 1718.3018638676479, 1654.4027029925771, 1809.1635841579678, 1855.310688309584, 1874.2721771565743, 1872.3691810865764, 1881.7165962436166, 1876.5047072542116, 1863.1937977641082, 1940.4110192215971, 1927.7310091451325, 1940.1689552406042, 1909.960254867042, 2000.5768841291392, 1985.414507853981, 1989.2633894716844, 1484.030147285565, 1929.7201577559365, 2045.3944576854715, 2100.2710038803853, 2116.7812561445016, 2030.8793776060734, 1852.754323523075, 1579.357604290505, 866.9225128299898], [3799.9396066903887, 1649.9852941512565, 1588.2772742254822, 1736.4397936320975, 1781.170540983758, 1799.0744889138691, 1797.6597853541448, 1806.9277365114133, 1801.9124039338928, 1788.2971599362097, 1861.623428974962, 1851.3571777977495, 1862.7938744922283, 1834.3507992856692, 1921.193703856442, 1906.4117017500414, 1909.719730990448, 1424.3880849074974, 1852.1674351565819, 1964.9087103236473, 2015.8302204397955, 2030.8793776060734, 1950.04529407913, 1778.9399261352314, 1515.9878271617729, 832.858764304242], [3468.9182427274427, 1507.0408930395008, 1449.1675375035625, 1584.446725312836, 1626.8066277927062, 1641.7749694575639, 1641.5399223760087, 1652.1534605244897, 1645.9935012332533, 1633.0061244951664, 1698.1569629258358, 1691.5441386521136, 1701.790009657709, 1676.725808146287, 1755.4102657647804, 1741.2805736160326, 1743.6781271783793, 1299.762524263981, 1689.7358353791667, 1795.237968667332, 1840.6380766903708, 1852.754323523075, 1778.9399261352314, 1624.9987511042814, 1382.839031842726, 761.7996265824901], [2954.56292170659, 1282.219702334522, 1234.056413709914, 1349.3711583709226, 1384.1891847845602, 1398.3932557110534, 1397.086423505294, 1404.1330033336903, 1399.8962903382803, 1389.8704775490944, 1447.4383932305186, 1438.6154963469935, 1447.8369091404763, 1425.2572686171723, 1492.985221309056, 1481.3947828006699, 1484.2265774628554, 1107.4664940317364, 1440.3138731740257, 1527.1763861866789, 1567.1381146149276, 1579.357604290505, 1515.9878271617729, 1382.839031842726, 1179.3829457653644, 647.0820074386173], [1626.451086364721, 707.4842872155657, 679.0204926608502, 741.885828642513, 763.6222996496039, 769.3911768591921, 770.0644617508614, 777.4441613224914, 772.9535932196063, 765.8155154615184, 794.4388936762759, 794.1503109305605, 799.098707698269, 789.0131652286562, 824.5950616392274, 817.6093846718477, 818.3534008648352, 608.1936788134147, 790.7643581409657, 844.138965030242, 862.8866966124651, 866.9225128299898, 832.858764304242, 761.7996265824901, 647.0820074386173, 358.9897603682269]], "genie_ms": [[104248.70334924, 51482.77314817, 49949.16579371, 55525.21246246, 57346.85863123, 56622.21151932, 57965.2228111, 59148.19825181, 56572.16709552, 55817.70066899, 59494.69367794, 58873.99668336, 61510.6580127, 59813.12006501, 61799.64781078, 61589.40570188, 62484.03331821, 44760.26197179, 59687.23855615, 62255.61813741, 63187.23528344, 63179.8509242, 61441.26105994, 56396.05167139, 47569.18874598, 27520.25980309], [51482.77314817, 27324.98167289, 26719.10288723, 29549.79565735, 30692.21534928, 30333.47233235, 30876.14791983, 31548.05920435, 30510.73434439, 29983.8967208, 31934.76683203, 31484.71643927, 32741.24809282, 32264.02750883, 33294.97282404, 33202.21893069, 33418.57256874, 23964.17371135, 31587.00888473, 33285.18440177, 33869.98316301, 33853.68121493, 32867.58537535, 30347.54566539, 25760.99130727, 14616.33670795], [49949.16579371, 26719.10288723, 26211.28145638, 28917.45747919, 30063.683895, 29719.56636794, 30212.78064201, 30884.80579614, 29932.68448163, 29368.46661117, 31287.9086323, 30838.78998988, 32058.3213538, 31635.6340814, 32650.08261734, 32542.41088746, 32731.16616234, 23466.57826154, 30892.19783221, 32608.1997368, 33192.20190346, 33136.56109155, 32183.14663051, 29736.35350502, 25269.60582961, 14294.22405273], [55525.21246246, 29549.79565735, 28917.45747919, 32034.47922182, 33275.33291646, 32874.74189426, 33473.88541551, 34209.66588743, 33079.36692035, 32518.12309732, 34623.95511557, 34130.63698269, 35486.65078069, 34993.58108554, 36094.62247702, 36012.47419931, 36222.29396779, 25970.53892139, 34230.96964126, 36066.94049053, 36697.12429522, 36711.4188468, 35628.90501364, 32879.36540367, 27905.91108612, 15830.79538953], [57346.85863123, 30692.21534928, 30063.683895, 33275.33291646, 34623.69806427, 34190.2926741, 34784.82247677, 35560.51589565, 34422.72810295, 33819.71408452, 36029.43173215, 35491.23975598, 36885.22750276, 36421.79353042, 37560.05330013, 37471.19060276, 37665.29323911, 27011.43422256, 35564.20825403, 37494.67444962, 38159.34968895, 38188.58572111, 37046.23601087, 34196.41483999, 29033.34483972, 16452.40337576], [56622.21151932, 30333.47233235, 29719.56636794, 32874.74189426, 34190.2926741, 33822.80789618, 34386.55349157, 35111.62549297, 34028.46204817, 33441.75382702, 35593.70615762, 35065.26250935, 36435.62247303, 36001.8152732, 37123.1014964, 37019.17874121, 37217.92668847, 26688.45885189, 35123.00998144, 37063.8372251, 37683.79480539, 37719.7132491, 36607.88112803, 33827.22920002, 28702.35759353, 16252.33969009], [57965.2228111, 30876.14791983, 30212.78064201, 33473.88541551, 34784.82247677, 34386.55349157, 35046.73710003, 35733.06168412, 34586.82459846, 34024.59738013, 36211.99753928, 35678.32256853, 37088.01012609, 36583.45359867, 37730.01079205, 37638.59877615, 37860.61352575, 27149.97644308, 35761.56375409, 37716.93438938, 38296.57606415, 38382.85083003, 37245.15029807, 34379.16141055, 29160.46524078, 16535.52656235], [59148.19825181, 31548.05920435, 30884.80579614, 34209.66588743, 35560.51589565, 35111.62549297, 35733.06168412, 36601.66984021, 35346.15191005, 34734.77738169, 36995.95360925, 36476.70334625, 37928.16807905, 37399.49590729, 38569.75072947, 38496.87149141, 38717.99149545, 27752.04883862, 36590.08139302, 38518.08400757, 39259.18247287, 39230.88018013, 38072.64690039, 35103.36731719, 29814.87380005, 16911.59026453], [56572.16709552, 30510.73434439, 29932.68448163, 33079.36692035, 34422.72810295, 34028.46204817, 34586.82459846, 35346.15191005, 34310.27515872, 33661.03831853, 35853.68295303, 35300.59244707, 36666.74097721, 36254.86893409, 37403.65642043, 37297.03938766, 37464.68669405, 26869.35914459, 35314.8341168, 37314.39332954, 37955.92794271, 37963.88879399, 36845.63718146, 34043.07796178, 28927.98351683, 16336.38166625], [55817.70066899, 29983.8967208, 29368.46661117, 32518.12309732, 33819.71408452, 33441.75382702, 34024.59738013, 34734.77738169, 33661.03831853, 33136.01641744, 35217.82713951, 34696.17212222, 36032.92550239, 35621.52728653, 36730.12042632, 36636.48509865, 36825.34427992, 26411.90730367, 34735.35203153, 36655.99075793, 37262.91068861, 37327.48323416, 36200.72586745, 33472.61692484, 28379.43615004, 16075.25844977], [59494.69367794, 31934.76683203, 31287.9086323, 34623.95511557, 36029.43173215, 35593.70615762, 36211.99753928, 36995.95360925, 35853.68295303, 35217.82713951, 37550.71021158, 36934.99117897, 38379.12855481, 37909.04309062, 39112.58983329, 39007.47249548, 39203.4349516, 28125.55739723, 36989.06558338, 39034.37962335, 39682.04834729, 39759.96740336, 38561.18131761, 35602.37787266, 30228.10907044, 17109.6243137], [58873.99668336, 31484.71643927, 30838.78998988, 34130.63698269, 35491.23975598, 35065.26250935, 35678.32256853, 36476.70334625, 35300.59244707, 34696.17212222, 36934.99117897, 36438.19852217, 37833.73861083, 37331.34065327, 38500.51403213, 38419.71510844, 38636.9725075, 27706.39248774, 36481.42024969, 38460.30855581, 39139.69763121, 39136.41262719, 37984.12939875, 35047.02610289, 29771.06471603, 16862.41392112], [61510.6580127, 32741.24809282, 32058.3213538, 35486.65078069, 36885.22750276, 36435.62247303, 37088.01012609, 37928.16807905, 36666.74097721, 36032.92550239, 38379.12855481, 37833.73861083, 39374.99190805, 38785.34944335, 40019.75324911, 39912.03037236, 40170.73872762, 28788.33444887, 37957.54819114, 39974.55907614, 40695.39954364, 40684.66025784, 39486.78510689, 36440.08769661, 30923.52306104, 17552.46826219], [59813.12006501, 32264.02750883, 31635.6340814, 34993.58108554, 36421.79353042, 36001.8152732, 36583.45359867, 37399.49590729, 36254.86893409, 35621.52728653, 37909.04309062, 37331.34065327, 38785.34944335, 38425.41847325, 39591.57763254, 39486.65053464, 39630.72853271, 28425.72933411, 37393.96584732, 39455.58518759, 40195.9501941, 40195.85360938, 38983.5066572, 36067.94371924, 30592.86414043, 17315.76209925], [61799.64781078, 33294.97282404, 32650.08261734, 36094.62247702, 37560.05330013, 37123.1014964, 37730.01079205, 38569.75072947, 37403.65642043, 36730.12042632, 39112.58983329, 38500.51403213, 40019.75324911, 39591.57763254, 40856.40474283, 40708.59569518, 40882.07758195, 29319.95382322, 38576.20237383, 40715.65685794, 41450.71631095, 41446.23263485, 40205.07278236, 37198.66238586, 31554.34691533, 17858.49339857], [61589.40570188, 33202.21893069, 32542.41088746, 36012.47419931, 37471.19060276, 37019.17874121, 37638.59877615, 38496.87149141, 37297.03938766, 36636.48509865, 39007.47249548, 38419.71510844, 39912.03037236, 39486.65053464, 40708.59569518, 40639.01845471, 40777.6647493, 29245.85480435, 38472.17137806, 40587.20169872, 41355.71154807, 41354.6880369, 40109.351336, 37066.50406473, 31477.28479339, 17806.56393035], [62484.03331821, 33418.57256874, 32731.16616234, 36222.29396779, 37665.29323911, 37217.92668847, 37860.61352575, 38717.99149545, 37464.68669405, 36825.34427992, 39203.4349516, 38636.9725075, 40170.73872762, 39630.72853271, 40882.07758195, 40777.6647493, 41036.09888563, 29398.4391732, 38725.30863067, 40817.39379459, 41554.03402765, 41547.00940912, 40321.11505852, 37234.25759246, 31603.00638903, 17916.33812586], [44760.26197179, 23964.17371135, 23466.57826154, 25970.53892139, 27011.43422256, 26688.45885189, 27149.97644308, 27752.04883862, 26869.35914459, 26411.90730367, 28125.55739723, 27706.39248774, 28788.33444887, 28425.72933411, 29319.95382322, 29245.85480435, 29398.4391732, 21109.89440318, 27763.89050949, 29264.14817026, 29779.08860598, 29807.50194135, 28912.43369811, 26692.66364186, 22660.8975842, 12841.14516079], [59687.23855615, 31587.00888473, 30892.19783221, 34230.96964126, 35564.20825403, 35123.00998144, 35761.56375409, 36590.08139302, 35314.8341168, 34735.35203153, 36989.06558338, 36481.42024969, 37957.54819114, 37393.96584732, 38576.20237383, 38472.17137806, 38725.30863067, 27763.89050949, 36673.42840638, 38541.35052064, 39259.32231033, 39236.34433642, 38080.31393028, 35135.80650695, 29778.04852248, 16944.75895623], [62255.61813741, 33285.18440177, 32608.1997368, 36066.94049053, 37494.67444962, 37063.8372251, 37716.93438938, 38518.08400757, 37314.39332954, 36655.99075793, 39034.37962335, 38460.30855581, 39974.55907614, 39455.58518759, 40715.65685794, 40587.20169872, 40817.39379459, 29264.14817026, 38541.35052064, 40687.00044997, 41339.44283264, 41353.91889254, 40147.6970607, 37088.11782742, 31475.19063849, 17827.22735278], [63187.23528344, 33869.98316301, 33192.20190346, 36697.12429522, 38159.34968895, 37683.79480539, 38296.57606415, 39259.18247287, 37955.92794271, 37262.91068861, 39682.04834729, 39139.69763121, 40695.39954364, 40195.9501941, 41450.71631095, 41355.71154807, 41554.03402765, 29779.08860598, 39259.32231033, 41339.44283264, 42260.64727274, 42086.37241662, 40857.56538236, 37753.78254394, 32065.30078417, 18162.62822241], [63179.8509242, 33853.68121493, 33136.56109155, 36711.4188468, 38188.58572111, 37719.7132491, 38382.85083003, 39230.88018013, 37963.88879399, 37327.48323416, 39759.96740336, 39136.41262719, 40684.66025784, 40195.85360938, 41446.23263485, 41354.6880369, 41547.00940912, 29807.50194135, 39236.34433642, 41353.91889254, 42086.37241662, 42196.39556054, 40881.82598541, 37761.19273488, 32026.91647045, 18159.0175661], [61441.26105994, 32867.58537535, 32183.14663051, 35628.90501364, 37046.23601087, 36607.88112803, 37245.15029807, 38072.64690039, 36845.63718146, 36200.72586745, 38561.18131761, 37984.12939875, 39486.78510689, 38983.5066572, 40205.07278236, 40109.351336, 40321.11505852, 28912.43369811, 38080.31393028, 40147.6970607, 40857.56538236, 40881.82598541, 39685.17952609, 36627.4070557, 31090.14770113, 17614.18394758], [56396.05167139, 30347.54566539, 29736.35350502, 32879.36540367, 34196.41483999, 33827.22920002, 34379.16141055, 35103.36731719, 34043.07796178, 33472.61692484, 35602.37787266, 35047.02610289, 36440.08769661, 36067.94371924, 37198.66238586, 37066.50406473, 37234.25759246, 26692.66364186, 35135.80650695, 37088.11782742, 37753.78254394, 37761.19273488, 36627.4070557, 33975.40947933, 28754.72680063, 16286.47302383], [47569.18874598, 25760.99130727, 25269.60582961, 27905.91108612, 29033.34483972, 28702.35759353, 29160.46524078, 29814.87380005, 28927.98351683, 28379.43615004, 30228.10907044, 29771.06471603, 30923.52306104, 30592.86414043, 31554.34691533, 31477.28479339, 31603.00638903, 22660.8975842, 29778.04852248, 31475.19063849, 32065.30078417, 32026.91647045, 31090.14770113, 28754.72680063, 24469.77705748, 13792.50105137], [27520.25980309, 14616.33670795, 14294.22405273, 15830.79538953, 16452.40337576, 16252.33969009, 16535.52656235, 16911.59026453, 16336.38166625, 16075.25844977, 17109.6243137, 16862.41392112, 17552.46826219, 17315.76209925, 17858.49339857, 17806.56393035, 17916.33812586, 12841.14516079, 16944.75895623, 17827.22735278, 18162.62822241, 18159.0175661, 17614.18394758, 16286.47302383, 13792.50105137, 7859.75017223]], "genie_us": [[10454.73041415139, 4428.745566207168, 4367.353334047004, 5023.381943575757, 5300.811555406952, 5514.696975281957, 5542.906343357265, 5030.71348143419, 5169.232218393956, 5459.826754980402, 5662.916145720795, 5566.687181889926, 5685.311578649393, 5390.10942410871, 5753.689195339998, 5799.5162634594435, 5862.649489433818, 3981.1420659145083, 5066.67001468905, 5530.246660068036, 5391.652599437801, 5306.428289323297, 5732.990986999227, 4980.032757194596, 4177.707668111594, 2378.0186111243584], [4428.745566207168, 1907.8813579001028, 1895.2091606121996, 2191.9164820830315, 2287.246796197419, 2372.0370645629555, 2369.426055935224, 2153.770567529439, 2199.7440434652094, 2379.261971198553, 2445.9755475471125, 2391.64952738892, 2451.905999046238, 2343.6074598706714, 2486.419748070025, 2529.7803875553705, 2523.721587834124, 1743.1396861765857, 2162.9633078474326, 2401.1407703319423, 2307.4107491383547, 2285.226872246979, 2490.6237497281895, 2147.625556303613, 1825.2689914510552, 1031.435153694219], [4367.353334047004, 1895.2091606121996, 1907.458116007956, 2227.3384561364524, 2272.2796408059967, 2342.1715019703056, 2310.1276409583043, 2089.0467607382134, 2107.2406814727915, 2389.3909371356704, 2440.354011784692, 2346.750984629931, 2415.6599155556087, 2354.527467300782, 2458.679515715957, 2560.3177177073885, 2490.336731730163, 1771.728261869674, 2105.4147282389613, 2399.0962109107354, 2248.7739157022506, 2250.782092641316, 2515.315435955746, 2134.865312421939, 1842.6819801187753, 1032.5343173923452], [5023.381943575757, 2191.9164820830315, 2227.3384561364524, 2685.5026420161494, 2639.046590104059, 2681.3394184796616, 2617.9816385999125, 2381.9026803018983, 2323.9872177797292, 2845.8148364709787, 2844.941449034961, 2687.3297067607664, 2787.3744013384517, 2762.6799868669286, 2838.6808838852635, 3037.5824447708233, 2870.065940369643, 2143.189939345299, 2347.8694401935863, 2806.166575557947, 2552.9384077848704, 2555.086344395916, 2974.497483700279, 2462.03340092328, 2150.8955297391544, 1213.07265041621], [5300.811555406952, 2287.246796197419, 2272.2796408059967, 2639.046590104059, 2744.5202427755426, 2841.768224829687, 2838.2872446804067, 2584.551259531192, 2630.9459695167952, 2862.4471610492797, 2934.3192730086203, 2867.2781939654196, 2941.600733689752, 2813.3816699145104, 2982.376453541398, 3039.097792813431, 3026.697884467799, 2100.4469152676625, 2585.933844318452, 2882.4416008496055, 2765.345507839824, 2735.0132961280283, 2990.0206671723186, 2573.5011566260614, 2187.1876026770924, 1238.3701179041736], [5514.696975281957, 2372.0370645629555, 2342.1715019703056, 2681.3394184796616, 2841.768224829687, 2961.546646487187, 2975.9754528816015, 2707.7912764364214, 2793.7649418798405, 2931.741591257535, 3031.7621541487924, 2992.4559168417013, 3060.150050183188, 2895.757530733667, 3099.3802954878865, 3110.6099780399586, 3147.6732891157576, 2131.7539262427827, 2726.099270336578, 2974.8136432673964, 2897.8156638413484, 2861.1588594802024, 3065.317169477234, 2671.2038084764436, 2254.942339222388, 1275.4514338009872], [5542.906343357265, 2369.426055935224, 2310.1276409583043, 2617.9816385999125, 2838.2872446804067, 2975.9754528816015, 3034.480398271642, 2786.972484790985, 2902.8403767680093, 2917.953028751308, 3017.8091619063184, 3038.5320345559953, 3103.4467362226605, 2862.564242354629, 3127.4031837197645, 3056.822967148138, 3173.7717304564, 2089.069353726715, 2769.0164673590198, 2966.890761685565, 2954.5473213181326, 2891.910984579187, 3014.588981272675, 2664.1795966755203, 2228.1283995712033, 1271.4626720774495], [5030.71348143419, 2153.770567529439, 2089.0467607382134, 2381.9026803018983, 2584.551259531192, 2707.7912764364214, 2786.972484790985, 2596.113772263511, 2688.6816478296005, 2700.3617567232773, 2747.0810769745776, 2799.226384861343, 2873.592333327511, 2600.622527309632, 2881.977480879085, 2782.2649535906407, 2910.4232258935435, 1916.6067234637228, 2508.2144627600856, 2720.471098116868, 2714.7093048172223, 2644.8436406379237, 2736.7224889864765, 2414.6695139422277, 2031.6310056710347, 1168.2823589792897], [5169.232218393956, 2199.7440434652094, 2107.2406814727915, 2323.9872177797292, 2630.9459695167952, 2793.7649418798405, 2902.8403767680093, 2688.6816478296005, 2861.129345080156, 2669.7081076603727, 2781.4156660838744, 2884.7757940650763, 2936.6653993922178, 2612.896917124849, 2943.4282360255875, 2757.4091008590763, 2982.3336614311565, 1861.2818835303885, 2653.4617741331826, 2741.7136363000036, 2824.860545317707, 2743.0450356005676, 2723.5540012684964, 2472.4959162655814, 2041.942344859996, 1170.7646544353063], [5459.826754980402, 2379.261971198553, 2389.3909371356704, 2845.8148364709787, 2862.4471610492797, 2931.741591257535, 2917.953028751308, 2700.3617567232773, 2669.7081076603727, 3118.5620027735717, 3084.124958349347, 2993.752283661267, 3118.2028620287224, 2973.445751174382, 3151.9755342292738, 3260.954912685614, 3162.694592465786, 2293.7424908445114, 2586.9577949600325, 3067.882621003415, 2842.627165017644, 2836.278567000433