{"ppfx": [[4132137.02, 395602.256, 271787.826, 205983.115, 160978.017, 145406.51, 130479.625, 114638.697, 110898.572, 2092820.58], [395602.256, 39333.3615, 26624.2612, 20333.909, 15852.2147, 14358.8372, 12850.2475, 11267.994, 10919.2373, 203593.033], [271787.826, 26624.2612, 18288.3676, 13886.0512, 10862.7706, 9815.4457, 8812.56168, 7724.19042, 7458.78532, 139871.67], [205983.115, 20333.909, 13886.0512, 10624.8295, 8290.39072, 7499.35609, 6728.65514, 5895.95943, 5693.75793, 105975.877], [160978.017, 15852.2147, 10862.7706, 8290.39072, 6494.23886, 5859.31465, 5267.39055, 4613.68316, 4448.9335, 82842.4176], [145406.51, 14358.8372, 9815.4457, 7499.35609, 5859.31465, 5311.95166, 4756.67265, 4167.50874, 4023.42479, 74938.5812], [130479.625, 12850.2475, 8812.56168, 6728.65514, 5267.39055, 4756.67265, 4290.16767, 3750.15826, 3613.57425, 67139.3285], [114638.697, 11267.994, 7724.19042, 5895.95943, 4613.68316, 4167.50874, 3750.15826, 3293.25524, 3167.92923, 58958.5482], [110898.572, 10919.2373, 7458.78532, 5693.75793, 4448.9335, 4023.42479, 3613.57425, 3167.92923, 3067.32202, 56946.2608], [2092820.58, 203593.033, 139871.67, 105975.877, 82842.4176, 74938.5812, 67139.3285, 58958.5482, 56946.2608, 1086861.98]], "beamline": [[37616.295844354194, 10068.240527513148, 7042.642288514904, 5636.073975535831, 4533.399714055618, 4041.392559833379, 3419.875226205419, 3235.166843082057, 2778.736466956049, 42799.28391992601], [10068.240527513148, 2715.354510337081, 1909.234235504681, 1532.2227427637122, 1234.0610394775624, 1104.5675441001563, 934.2994537815962, 883.6181159111252, 759.5203940248383, 11336.918892147813], [7042.642288514904, 1909.234235504681, 1350.6365741959457, 1085.9545527570176, 875.4452850185015, 786.583428745013, 664.7293141157329, 628.632193314549, 540.3356709839602, 7848.219303234842], [5636.073975535831, 1532.2227427637122, 1085.9545527570176, 875.6983523382426, 705.6266066259859, 635.410697736991, 536.4987810853592, 507.2990930109023, 435.67565655745875, 6250.8572622398015], [4533.399714055618, 1234.0610394775624, 875.4452850185015, 705.6266066259859, 570.368791397268, 513.2743024742175, 434.16980562784283, 410.6435006846423, 352.23803438739844, 5024.553198639845], [4041.392559833379, 1104.5675441001563, 786.583428745013, 635.410697736991, 513.2743024742175, 463.6951831868134, 391.4635001194689, 370.2245133303627, 317.57220006926735, 4440.928920019986], [3419.875226205419, 934.2994537815962, 664.7293141157329, 536.4987810853592, 434.16980562784283, 391.4635001194689, 331.36812509904365, 313.12079715083956, 268.47822792970516, 3765.5600126520108], [3235.166843082057, 883.6181159111252, 628.632193314549, 507.2990930109023, 410.6435006846423, 370.2245133303627, 313.12079715083956, 296.37210438653545, 254.0947484235041, 3567.4128939887814], [2778.736466956049, 759.5203940248383, 540.3356709839602, 435.67565655745875, 352.23803438739844, 317.57220006926735, 268.47822792970516, 254.0947484235041, 218.66518644809162, 3063.823396182576], [42799.28391992601, 11336.918892147813, 7848.219303234842, 6250.8572622398015, 5024.553198639845, 4440.928920019986, 3765.5600126520108, 3567.4128939887814, 3063.823396182576, 49934.219668314254]], "genie_ms": [[955151.54550808, 242565.75926107, 161618.45136127, 122149.24585712, 95517.80174041, 79252.29414777, 66488.23344497, 62420.41372104, 54171.21215663, 1116819.51725761], [242565.75926107, 65863.76773486, 45673.58468515, 35732.01130128, 28578.4042329, 24361.60905494, 20532.09660844, 18913.84143726, 16241.99969847, 290362.97329008], [161618.45136127, 45673.58468515, 32876.43833328, 26321.44989898, 21458.9948773, 18501.04386385, 15672.51519325, 14278.88241069, 12170.14896056, 199397.70491468], [122149.24585712, 35732.01130128, 26321.44989898, 21508.03684414, 17758.51634034, 15502.89916491, 13159.50386118, 11915.96210223, 10117.89712472, 155319.25371239], [95517.80174041, 28578.4042329, 21458.9948773, 17758.51634034, 14859.8649804, 13073.43823917, 11133.31675974, 10043.24614388, 8493.70471085, 124706.60463876], [79252.29414777, 24361.60905494, 18501.04386385, 15502.89916491, 13073.43823917, 11687.60234493, 9947.84001097, 8945.51162095, 7560.36224837, 106592.98408325], [66488.23344497, 20532.09660844, 15672.51519325, 13159.50386118, 11133.31675974, 9947.84001097, 8520.34085144, 7647.28827405, 6452.03862511, 90457.71889025], [62420.41372104, 18913.84143726, 14278.88241069, 11915.96210223, 10043.24614388, 8945.51162095, 7647.28827405, 6917.16324842, 5848.30070686, 84141.3644505], [54171.21215663, 16241.99969847, 12170.14896056, 10117.89712472, 8493.70471085, 7560.36224837, 6452.03862511, 5848.30070686, 4968.70427194, 73003.75922076], [1116819.51725761, 290362.97329008, 199397.70491468, 155319.25371239, 124706.60463876, 106592.98408325, 90457.71889025, 84141.3644505, 73003.75922076, 1461967.22159613]], "genie_us": [[96549.12910228617, 8914.731627965326, 4989.894320088264, 2199.302227340937, 1981.337634938191, 1551.1938711285711, 1353.9880873978123, 2084.690538776886, 2013.2896770255272, 123353.9361934934], [8914.731627965326, 2281.8816586097364, 1515.1147306313237, 1140.6530878423348, 1022.0362693923412, 788.2570183287633, 548.6276604667211, 657.0958602353234, 569.6204087485672, 14974.387081798126], [4989.894320088264, 1515.1147306313237, 1063.0057628312452, 844.8493342722012, 749.4487579333373, 588.6012220633614, 407.54730093981703, 466.16346218507385, 393.29156513122365, 8663.621811616084], [2199.302227340937, 1140.6530878423348, 844.8493342722012, 721.3380024762565, 632.7427932855882, 502.0767976377889, 339.8490383483275, 372.2729938143328, 306.2191292335817, 4800.472644747829], [1981.337634938191, 1022.0362693923412, 749.4487579333373, 632.7427932855882, 565.3955397274412, 444.53629459705286, 303.20337991237847, 334.0952898198343, 275.1936548903726, 4216.689771861843], [1551.1938711285711, 788.2570183287633, 588.6012220633614, 502.0767976377889, 444.53629459705286, 354.25203235454035, 240.62715220170995, 262.7796922596898, 215.94417837816718, 3332.322005231014], [1353.9880873978123, 548.6276604667211, 407.54730093981703, 339.8490383483275, 303.20337991237847, 240.62715220170995, 167.94073171511474, 183.03583513329292, 149.99470302570538, 2519.263119276133], [2084.690538776886, 657.0958602353234, 466.16346218507385, 372.2729938143328, 334.0952898198343, 262.7796922596898, 183.03583513329292, 207.71097726177968, 174.29412063970136, 3647.6408022303167], [2013.2896770255272, 569.6204087485672, 393.29156513122365, 306.2191292335817, 275.1936548903726, 215.94417837816718, 149.99470302570538, 174.29412063970136, 148.8424290170831, 3507.542633019618], [123353.9361934934, 14974.387081798126, 8663.621811616084, 4800.472644747829, 4216.689771861843, 3332.322005231014, 2519.263119276133, 3647.6408022303167, 3507.542633019618, 181287.3683578073]], "geant4": [[3144.84785603, 1541.13748165, 1188.18236811, 810.95277366, 606.73001679, 502.63405215, 452.88124766, 394.94334488, 344.34003652, 6082.21059452], [1541.13748165, 825.82700554, 643.33819026, 454.11742661, 365.4530951, 312.00840912, 266.16944697, 234.06822698, 209.15921692, 3210.60124754], [1188.18236811, 643.33819026, 501.78138056, 355.53615787, 288.13182575, 246.79560689, 209.38663683, 184.32744802, 165.10899225, 2497.44494538], [810.95277366, 454.11742661, 355.53615787, 255.01141441, 211.27070751, 182.67075022, 152.36273441, 134.55914048, 121.35611915, 1755.36861582], [606.73001679, 365.4530951, 288.13182575, 211.27070751, 183.50688255, 160.55352043, 130.03029895, 115.32471666, 105.23248761, 1396.6317329], [502.63405215, 312.00840912, 246.79560689, 182.67075022, 160.55352043, 141.78806719, 113.63893723, 100.98982459, 92.76530493, 1187.86851495], [452.88124766, 266.16944697, 209.38663683, 152.36273441, 130.03029895, 113.63893723, 93.01715734, 82.29367781, 75.01401669, 1020.08097772], [394.94334488, 234.06822698, 184.32744802, 134.55914048, 115.32471666, 100.98982459, 82.29367781, 73.06229456, 66.55844871, 896.41310795], [344.34003652, 209.15921692, 165.10899225, 121.35611915, 105.23248761, 92.76530493, 75.01401669, 66.55844871, 61.05645736, 797.64897963], [6082.21059452, 3210.60124754, 2497.44494538, 1755.36861582, 1396.6317329, 1187.86851495, 1020.08097772, 896.41310795, 797.64897963, 12530.53180099]], "pot_counting": [[135221.477614364, 31088.479768008227, 18755.838316162106, 12562.40460797927, 9330.394972750786, 7742.634974223458, 6756.740828859456, 6359.355461693586, 6300.787862803467, 125308.7834473922], [31088.479768008227, 7147.485675627541, 4312.114542091795, 2888.195487750023, 2145.1310875712234, 1780.0925932320208, 1553.427785745176, 1462.0657686662682, 1448.600617676357, 28809.473522157085], [18755.838316162106, 4312.114542091795, 2601.520684053273, 1742.463060205757, 1294.1685198406383, 1073.938935438545, 937.1909016681036, 882.0717310506393, 873.9481368204263, 17380.902230908614], [12562.40460797927, 2888.195487750023, 1742.463060205757, 1167.0779843468806, 866.8164175385414, 719.3096466189928, 627.7176793279558, 590.7996108694451, 585.3585382886988, 11641.491177083379], [9330.394972750786, 2145.1310875712234, 1294.1685198406383, 866.8164175385414, 643.8050514120806, 534.2482844727102, 466.22076443774523, 438.80084197081834, 434.7596286969263, 8646.410790255024], [7742.634974223458, 1780.0925932320208, 1073.938935438545, 719.3096466189928, 534.2482844727102, 443.33487107006897, 386.8836428669052, 364.1297882548605, 360.7762711396566, 7175.04487019531], [6756.740828859456, 1553.427785745176, 937.1909016681036, 627.7176793279558, 466.22076443774523, 386.8836428669052, 337.62052769882456, 317.7639932008188, 314.83749000287486, 6261.423763969902], [6359.355461693586, 1462.0657686662682, 882.0717310506393, 590.7996108694451, 438.80084197081834, 364.1297882548605, 317.7639932008188, 299.0752845010779, 296.3208982419486, 5893.169565022583], [6300.787862803467, 1448.600617676357, 873.9481368204263, 585.3585382886988, 434.7596286969263, 360.7762711396566, 314.83749000287486, 296.3208982419486, 293.591878985904, 5838.89538686809], [125308.7834473922, 28809.473522157085, 17380.902230908614, 11641.491177083379, 8646.410790255024, 7175.04487019531, 6261.423763969902, 5893.169565022583, 5838.89538686809, 116122.76012725249]], "dirt": [[1294648.4169456097, 233816.10205704853, 161621.18316792962, 101444.0231146983, 70604.33316083967, 54345.01238287409, 48777.96233389674, 47540.840100790665, 66451.13709255499, 1172615.1452396726], [233816.10205704853, 42227.65722769111, 29189.11000357031, 18320.99414111466, 12751.284249782764, 9814.818289882853, 8809.397879699733, 8585.97112188126, 12001.208705677896, 211776.6483041385], [161621.18316792962, 29189.11000357031, 20176.44829800835, 12664.05830842733, 8814.096331388011, 6784.316950943212, 6089.338141334395, 5934.898405865769, 8295.62007660048, 146386.8064052416], [101444.0231146983, 18320.99414111466, 12664.05830842733, 7948.7911088433975, 5532.303219482469, 4258.280951166106, 3822.06680494909, 3725.1303280119755, 5206.873618336442, 91881.9320684622], [70604.33316083967, 12751.284249782764, 8814.096331388011, 5532.303219482469, 3850.4444881241225, 2963.733867579894, 2660.1318616326857, 2592.6647491999724, 3623.947753528586, 63949.18442744016], [54345.01238287409, 9814.818289882853, 6784.316950943212, 4258.280951166106, 2963.733867579894, 2281.2219381246996, 2047.535788365584, 1995.6055328635582, 2789.3965812516653, 49222.46360810475], [48777.96233389674, 8809.397879699733, 6089.338141334395, 3822.06680494909, 2660.1318616326857, 2047.535788365584, 1837.7882198013046, 1791.1776490092425, 2503.653516830763, 44180.16245800622], [47540.840100790665, 8585.97112188126, 5934.898405865769, 3725.1303280119755, 2592.6647491999724, 1995.6055328635582, 1791.1776490092425, 1745.7492303749502, 2440.1550580705625, 43059.65109131765], [66451.13709255499, 12001.208705677896, 8295.62007660048, 5206.873618336442, 3623.947753528586, 2789.3965812516653, 2503.653516830763, 2440.1550580705625, 3410.7743562621986, 60187.46769641426], [1172615.1452396726, 211776.6483041385, 146386.8064052416, 91881.9320684622, 63949.18442744016, 49222.46360810475, 44180.16245800622, 43059.65109131765, 60187.46769641426, 1062084.7025708181]], "mc_stat": [[1004.9381391947493, 0, 0, 0, 0, 0, 0, 0, 0, 0], [0, 264.93918045068, 0, 0, 0, 0, 0, 0, 0, 0], [0, 0, 154.48083907474793, 0, 0, 0, 0, 0, 0, 0], [0, 0, 0, 116.26317127104964, 0, 0, 0, 0, 0, 0], [0, 0, 0, 0, 81.31555908062843, 0, 0, 0, 0, 0], [0, 0, 0, 0, 0, 72.28350462522721, 0, 0, 0, 0], [0, 0, 0, 0, 0, 0, 60.84968669893301, 0, 0, 0], [0, 0, 0, 0, 0, 0, 0, 56.55269325342716, 0, 0], [0, 0, 0, 0, 0, 0, 0, 0, 53.480110813239776, 0], [0, 0, 0, 0, 0, 0, 0, 0, 0, 1143.7088791353399]], "ext_stat": [[10789.799580118734, 0, 0, 0, 0, 0, 0, 0, 0, 0], [0, 2309.935247670721, 0, 0, 0, 0, 0, 0, 0, 0], [0, 0, 1226.241136093422, 0, 0, 0, 0, 0, 0, 0], [0, 0, 0, 681.8686408940539, 0, 0, 0, 0, 0, 0], [0, 0, 0, 0, 448.96700634999434, 0, 0, 0, 0, 0], [0, 0, 0, 0, 0, 338.40888103630823, 0, 0, 0, 0], [0, 0, 0, 0, 0, 0, 295.75701543305877, 0, 0, 0], [0, 0, 0, 0, 0, 0, 0, 294.0733891592481, 0, 0], [0, 0, 0, 0, 0, 0, 0, 0, 345.1433861326768, 0], [0, 0, 0, 0, 0, 0, 0, 0, 0, 7643.663283133428]], "total": [[6666263.470590037, 923596.7067232551, 627004.0178220749, 450785.11755633436, 343552.0142397843, 292841.67198797956, 257729.30616898945, 236674.1070102632, 242958.07529249002, 4679799.456652614], [923596.7067232551, 162970.20974078687, 109866.7575872081, 80402.10318736073, 61948.58467422389, 52520.19010960379, 45494.266335103224, 42004.65453093398, 42149.34634151766, 764064.0353378614], [627004.0178220749, 109866.7575872081, 78238.92060809697, 56900.362512512314, 44343.05619723049, 37796.725707930134, 32793.269168138046, 30099.166071126037, 29897.23872234609, 522046.3696110611], [450785.11755633436, 80402.10318736073, 56900.362512512314, 43898.91501871988, 33997.66680478259, 29300.004098289883, 25366.654039300724, 23141.982698416654, 22467.138116286184, 377625.2524807432], [343552.0142397843, 61948.58467422389, 44343.05619723049, 33997.66680478259, 27697.90715904153, 23549.09915872387, 20394.463420300654, 18548.458402215267, 17734.009769963282, 290782.4921598569], [292841.67198797956, 52520.19010960379, 37796.725707930134, 29300.004098289883, 23549.09915872387, 21094.53848251765, 17884.66168175367, 16206.749712248471, 15360.24157413876, 246890.1932017511], [257729.30616898945, 45494.266335103224, 32793.269168138046, 25366.654039300724, 20394.463420300654, 17884.66168175367, 15934.84998522628, 14084.838486354194, 13377.590829589051, 215343.5377218743], [236674.1070102632, 42004.65453093398, 30099.166071126037, 23141.982698416654, 18548.458402215267, 16206.749712248471, 14084.838486354194, 13183.014461917019, 12247.653210945717, 200164.20011100933], [242958.07529249002, 42149.34634151766, 29897.23872234609, 22467.138116286184, 17734.009769963282, 15360.24157413876, 13377.590829589051, 12247.653210945717, 12567.580096959193, 203345.39811287457], [4679799.456652614, 764064.0353378614, 522046.3696110611, 377625.2524807432, 290782.4921598569, 246890.1932017511, 215343.5377218743, 200164.20011100933, 203345.39811287457, 3979576.156283581]]}