{"ppfx": [[172657.44727101, 57672.11493096, 57457.70731747, 57380.11809447, 55619.78670101, 57139.79940788, 58592.17205948, 56482.97302635, 56857.75803454, 56071.10347318, 56411.43501477, 56743.43679028, 55731.09445485, 55584.69023267, 55180.46634307, 55003.8734949, 55248.37593201, 53985.65315662, 54649.7139539, 53727.49750941, 54395.12581081, 50499.58644102, 48521.40897502, 46875.02391043, 44152.99764663, 42088.12623474], [57672.11493096, 20590.97315308, 20590.22410355, 20651.23309424, 20045.01965774, 20603.59377026, 21190.68437527, 20402.8040455, 20577.29117795, 20263.7260907, 20406.10285264, 20505.99136895, 20180.44837766, 20123.49831767, 19958.15232642, 19913.89228437, 19955.79618473, 19562.05841155, 19801.33749201, 19414.18472872, 19694.8005536, 18333.78262169, 17604.02817076, 17040.64922072, 16069.02163749, 15270.15200686], [57457.70731747, 20590.22410355, 20679.10203895, 20730.05476846, 20113.95200067, 20622.45727127, 21261.48487196, 20416.16547346, 20605.42835131, 20334.50025991, 20459.49429601, 20531.26712702, 20211.92059503, 20181.19997387, 20005.11292414, 19941.85351996, 20042.24027521, 19600.61012554, 19920.0659117, 19439.20267977, 19787.69805597, 18380.87992406, 17638.61728976, 17057.1152348, 16096.0217004, 15291.60773392], [57380.11809447, 20651.23309424, 20730.05476846, 20968.01040067, 20227.26749495, 20665.07580388, 21364.9041277, 20444.20267616, 20659.21546705, 20472.8852773, 20574.98883282, 20602.62726374, 20217.6687323, 20265.56757609, 20093.70686128, 19957.56330466, 20213.95622134, 19628.61428009, 20122.65716204, 19483.75697639, 19953.11857375, 18474.3287927, 17684.97036707, 17076.70628153, 16126.08567542, 15300.27630599], [55619.78670101, 20045.01965774, 20113.95200067, 20227.26749495, 19641.62740035, 20113.78705077, 20726.14658481, 19901.10889986, 20081.2572089, 19848.55930208, 19951.16000003, 20028.29140302, 19694.24399365, 19687.50185036, 19514.42277522, 19436.53908743, 19555.57279794, 19098.00749676, 19417.09309049, 18959.91752703, 19307.2517645, 17943.29252107, 17204.81399256, 16642.35495828, 15705.81117145, 14911.33510816], [57139.79940788, 20603.59377026, 20622.45727127, 20665.07580388, 20113.78705077, 20769.06765172, 21268.89863308, 20547.71847696, 20692.91777982, 20334.26843047, 20481.67728641, 20648.05157395, 20316.36268396, 20238.27578447, 20061.30378307, 20063.35039933, 19999.25220383, 19683.1560313, 19774.49258983, 19567.88858684, 19738.08925826, 18458.49394436, 17721.98032018, 17204.96690561, 16214.46240436, 15394.23453493], [58592.17205948, 21190.68437527, 21261.48487196, 21364.9041277, 20726.14658481, 21268.89863308, 21946.21956705, 21059.02522083, 21253.0348303, 20967.70027259, 21094.45527243, 21186.18233733, 20845.24238811, 20813.60422099, 20627.61634552, 20565.76930717, 20657.61687496, 20214.12469016, 20530.66142631, 20051.82605247, 20403.20828261, 18969.56594129, 18198.13777831, 17616.9349887, 16618.40340307, 15777.30218165], [56482.97302635, 20402.8040455, 20416.16547346, 20444.20267616, 19901.10889986, 20547.71847696, 21059.02522083, 20379.90477524, 20507.34697764, 20134.66659793, 20283.00524954, 20445.46283304, 20132.12883661, 20033.99256247, 19865.75548989, 19876.10590299, 19794.63299396, 19502.428528, 19572.858317, 19373.97187254, 19533.30632063, 18273.22671996, 17555.71828638, 17044.9488999, 16065.62368582, 15248.21191915], [56857.75803454, 20577.29117795, 20605.42835131, 20659.21546705, 20081.2572089, 20692.91777982, 21253.0348303, 20507.34697764, 20705.57574285, 20312.87469905, 20471.3927436, 20603.27714903, 20283.08401593, 20209.8656893, 20036.26388907, 20026.94284113, 19998.94543306, 19660.77164697, 19809.29524702, 19517.39081985, 19738.65169256, 18425.9197104, 17702.25429602, 17169.61712166, 16185.12504659, 15364.88450843], [56071.10347318, 20263.7260907, 20334.50025991, 20472.8852773, 19848.55930208, 20334.26843047, 20967.70027259, 20134.66659793, 20312.87469905, 20133.89496993, 20189.18516545, 20269.07363308, 19912.33032826, 19918.50345468, 19729.12075118, 19651.58714626, 19798.56552805, 19317.47353222, 19663.21020068, 19177.56274192, 19547.52702687, 18160.32097378, 17404.57033677, 16840.33583098, 15883.99686027, 15069.58086959], [56411.43501477, 20406.10285264, 20459.49429601, 20574.98883282, 19951.16000003, 20481.67728641, 21094.45527243, 20283.00524954, 20471.3927436, 20189.18516545, 20343.27620408, 20406.86548149, 20068.7503216, 20045.10134068, 19875.18966714, 19808.61961368, 19889.69686853, 19460.16621691, 19749.66884444, 19312.69025035, 19639.23559669, 18269.20404622, 17529.97293982, 16969.50731347, 16007.46120682, 15193.15250502], [56743.43679028, 20505.99136895, 20531.26712702, 20602.62726374, 20028.29140302, 20648.05157395, 21186.18233733, 20445.46283304, 20603.27714903, 20269.07363308, 20406.86548149, 20583.12861488, 20214.31351671, 20154.81588881, 19978.32057976, 19967.46977272, 19930.79353671, 19590.84509048, 19727.38289271, 19481.27324274, 19669.97485117, 18380.52387325, 17649.97194566, 17128.56738939, 16135.78568558, 15317.36736762], [55731.09445485, 20180.44837766, 20211.92059503, 20217.6687323, 19694.24399365, 20316.36268396, 20845.24238811, 20132.12883661, 20283.08401593, 19912.33032826, 20068.7503216, 20214.31351671, 19954.29401596, 19822.7753122, 19647.85733461, 19663.66865199, 19581.95592557, 19296.54882511, 19381.25378541, 19161.42516467, 19326.43376424, 18072.45789156, 17374.10080223, 16856.35719911, 15888.44992883, 15089.36983118], [55584.69023267, 20123.49831767, 20181.19997387, 20265.56757609, 19687.50185036, 20238.27578447, 20813.60422099, 20033.99256247, 20209.8656893, 19918.50345468, 20045.10134068, 20154.81588881, 19822.7753122, 19811.17722936, 19610.19169254, 19566.25786828, 19602.77633178, 19220.24836702, 19437.91469689, 19088.66129492, 19357.08138291, 18038.45168046, 17314.49239752, 16776.0907274, 15815.00249532, 15018.01994816], [55180.46634307, 19958.15232642, 20005.11292414, 20093.70686128, 19514.42277522, 20061.30378307, 20627.61634552, 19865.75548989, 20036.26388907, 19729.12075118, 19875.18966714, 19978.32057976, 19647.85733461, 19610.19169254, 19479.3791288, 19406.48600338, 19436.67931444, 19048.74901544, 19275.28421294, 18917.53567699, 19194.15374316, 17879.61137308, 17160.23506589, 16623.81527559, 15681.61945783, 14883.18659783], [55003.8734949, 19913.89228437, 19941.85351996, 19957.56330466, 19436.53908743, 20063.35039933, 20565.76930717, 19876.10590299, 20026.94284113, 19651.58714626, 19808.61961368, 19967.46977272, 19663.66865199, 19566.25786828, 19406.48600338, 19438.68064349, 19328.4314704, 19051.3645753, 19120.03617082, 18926.42602969, 19077.76169056, 17848.42337313, 17150.69153396, 16651.32270999, 15690.5818157, 14898.61890733], [55248.37593201, 19955.79618473, 20042.24027521, 20213.95622134, 19555.57279794, 19999.25220383, 20657.61687496, 19794.63299396, 19998.94543306, 19798.56552805, 19889.69686853, 19930.79353671, 19581.95592557, 19602.77633178, 19436.67931444, 19328.4314704, 19559.93242196, 19009.06026827, 19429.52144308, 18857.98482056, 19291.20144943, 17878.75418483, 17126.44193776, 16543.72457036, 15617.98894067, 14815.67140825], [53985.65315662, 19562.05841155, 19600.61012554, 19628.61428009, 19098.00749676, 19683.1560313, 20214.12469016, 19502.428528, 19660.77164697, 19317.47353222, 19460.16621691, 19590.84509048, 19296.54882511, 19220.24836702, 19048.74901544, 19051.3645753, 19009.06026827, 18721.28637802, 18832.32086265, 18561.44614305, 18765.36042351, 17523.7165282, 16834.15367038, 16328.18525841, 15390.772846, 14613.26133756], [54649.7139539, 19801.33749201, 19920.0659117, 20122.65716204, 19417.09309049, 19774.49258983, 20530.66142631, 19572.858317, 19809.29524702, 19663.21020068, 19749.66884444, 19727.38289271, 19381.25378541, 19437.91469689, 19275.28421294, 19120.03617082, 19429.52144308, 18832.32086265, 19490.34047807, 18647.88541375, 19207.03986578, 17717.33897929, 16953.37114153, 16342.44707085, 15438.03970163, 14646.78570134], [53727.49750941, 19414.18472872, 19439.20267977, 19483.75697639, 18959.91752703, 19567.88858684, 20051.82605247, 19373.97187254, 19517.39081985, 19177.56274192, 19312.69025035, 19481.27324274, 19161.42516467, 19088.66129492, 18917.53567699, 18926.42602969, 18857.98482056, 18561.44614305, 18647.88541375, 18487.4444357, 18601.48715377, 17409.41296511, 16720.80753509, 16230.87437186, 15291.85497406, 14517.56286843], [54395.12581081, 19694.8005536, 19787.69805597, 19953.11857375, 19307.2517645, 19738.08925826, 20403.20828261, 19533.30632063, 19738.65169256, 19547.52702687, 19639.23559669, 19669.97485117, 19326.43376424, 19357.08138291, 19194.15374316, 19077.76169056, 19291.20144943, 18765.36042351, 19207.03986578, 18601.48715377, 19081.87575801, 17648.56751565, 16903.29708438, 16331.84009378, 15417.14492211, 14626.08407086], [50499.58644102, 18333.78262169, 18380.87992406, 18474.3287927, 17943.29252107, 18458.49394436, 18969.56594129, 18273.22671996, 18425.9197104, 18160.32097378, 18269.20404622, 18380.52387325, 18072.45789156, 18038.45168046, 17879.61137308, 17848.42337313, 17878.75418483, 17523.7165282, 17717.33897929, 17409.41296511, 17648.56751565, 16473.77868775, 15786.52541626, 15304.72350133, 14429.15245692, 13687.73733799], [48521.40897502, 17604.02817076, 17638.61728976, 17684.97036707, 17204.81399256, 17721.98032018, 18198.13777831, 17555.71828638, 17702.25429602, 17404.57033677, 17529.97293982, 17649.97194566, 17374.10080223, 17314.49239752, 17160.23506589, 17150.69153396, 17126.44193776, 16834.15367038, 16953.37114153, 16720.80753509, 16903.29708438, 15786.52541626, 15181.84588275, 14707.40455902, 13858.75070091, 13158.46145555], [46875.02391043, 17040.64922072, 17057.1152348, 17076.70628153, 16642.35495828, 17204.96690561, 17616.9349887, 17044.9488999, 17169.61712166, 16840.33583098, 16969.50731347, 17128.56738939, 16856.35719911, 16776.0907274, 16623.81527559, 16651.32270999, 16543.72457036, 16328.18525841, 16342.44707085, 16230.87437186, 16331.84009378, 15304.72350133, 14707.40455902, 14313.82523177, 13464.10758046, 12778.74541485], [44152.99764663, 16069.02163749, 16096.0217004, 16126.08567542, 15705.81117145, 16214.46240436, 16618.40340307, 16065.62368582, 16185.12504659, 15883.99686027, 16007.46120682, 16135.78568558, 15888.44992883, 15815.00249532, 15681.61945783, 15690.5818157, 15617.98894067, 15390.772846, 15438.03970163, 15291.85497406, 15417.14492211, 14429.15245692, 13858.75070091, 13464.10758046, 12705.16263407, 12043.47040713], [42088.12623474, 15270.15200686, 15291.60773392, 15300.27630599, 14911.33510816, 15394.23453493, 15777.30218165, 15248.21191915, 15364.88450843, 15069.58086959, 15193.15250502, 15317.36736762, 15089.36983118, 15018.01994816, 14883.18659783, 14898.61890733, 14815.67140825, 14613.26133756, 14646.78570134, 14517.56286843, 14626.08407086, 13687.73733799, 13158.46145555, 12778.74541485, 12043.47040713, 11449.37923319]], "beamline": [[31517.84294990831, 7642.680234491707, 7290.165847984733, 7022.118703654806, 6949.383977556949, 6961.885398153141, 7091.425926723016, 6880.597947952489, 6695.348014541793, 6927.609173359499, 6786.557316834389, 6784.877926167524, 6836.042750265483, 6715.30009572794, 6702.897313437525, 6655.265772702388, 6520.5029414087685, 6405.558117851639, 6387.765930847859, 6317.493979182882, 6100.725841733111, 6007.169054509665, 5693.797848923616, 5563.613608843321, 5091.881962482147, 5039.598293007527], [7642.680234491707, 1862.9029610249927, 1775.3108873518922, 1713.65644986718, 1692.4740120418176, 1695.2536505634814, 1729.3455195193173, 1672.563825268497, 1629.6822502800685, 1690.0868024235372, 1656.7212744361657, 1653.304068111586, 1664.647446511016, 1633.7953401289133, 1635.0626138762298, 1622.4439083674988, 1588.984313709939, 1565.782389929847, 1554.0289199852384, 1538.1730294071713, 1486.5480591729142, 1462.6049364552978, 1386.6200230632098, 1354.0886822566922, 1241.1455835487711, 1232.1517498021076], [7290.165847984733, 1775.3108873518922, 1694.2592958269584, 1633.6192451048578, 1613.5337861927799, 1616.579731796345, 1648.687544718553, 1595.2929352944816, 1554.1338918940578, 1610.8227885261047, 1579.1032134123727, 1576.8958865636798, 1587.085537186998, 1558.131859149305, 1559.27528813956, 1546.5995444724224, 1514.5981617097962, 1491.8734189101785, 1482.0554467500956, 1467.5063535343445, 1417.3211419277366, 1395.0662696271752, 1322.2800523544663, 1291.7482941342237, 1183.8131932569634, 1174.2339681158546], [7022.118703654806, 1713.65644986718, 1633.6192451048578, 1577.8454886504471, 1557.1914252706683, 1559.8874195837384, 1591.9977236245238, 1538.175643451241, 1499.4912098807135, 1555.7071268347556, 1525.1936521353753, 1521.5649091691703, 1531.70284555922, 1502.9047965293673, 1505.3796165592016, 1493.090249581642, 1462.243917478124, 1441.9921768243428, 1429.717030803394, 1415.517935871826, 1367.9627489578945, 1345.3807008876058, 1275.351100498866, 1245.6899983564342, 1142.451993025219, 1135.2727476841953], [6949.383977556949, 1692.4740120418176, 1613.5337861927799, 1557.1914252706683, 1538.914928316849, 1541.013098055908, 1571.498124090099, 1521.0590852071673, 1481.662522059861, 1535.828905375951, 1505.3731620120625, 1502.9958405228388, 1513.1544899985486, 1485.3538155738256, 1486.2049239449489, 1474.4263126501633, 1444.0949025806735, 1422.4564777472876, 1412.9195930515145, 1398.6232417382807, 1351.1331012970254, 1329.6711366887232, 1260.3050963997634, 1231.105100315944, 1128.234623792423, 1119.7433662537971], [6961.885398153141, 1695.2536505634814, 1616.579731796345, 1559.8874195837384, 1541.013098055908, 1544.70100334213, 1574.6627760278325, 1523.8866802216344, 1484.391649510838, 1538.3747200535006, 1507.8738200750072, 1505.66984602302, 1516.1010293453855, 1488.2940677791762, 1488.8945703959398, 1476.7062634580125, 1446.6200651129873, 1424.643567255961, 1415.7247871817858, 1401.3018620657895, 1353.6934813908877, 1332.0051746289237, 1262.5158251476998, 1233.0104376936085, 1130.1664733595017, 1121.8165552526957], [7091.425926723016, 1729.3455195193173, 1648.687544718553, 1591.9977236245238, 1571.498124090099, 1574.6627760278325, 1607.0128119434198, 1552.7382118998073, 1513.4745008778332, 1569.74003599694, 1539.0545920018792, 1535.4772150064712, 1545.9926740504793, 1516.955968707356, 1519.227874174187, 1506.8099601357735, 1475.6485186538118, 1454.5121195489348, 1443.0510037124614, 1428.6504047002468, 1380.713571838049, 1357.7840878086813, 1287.1546261401638, 1257.2891801997062, 1152.7872685630007, 1145.419001043359], [6880.597947952489, 1672.563825268497, 1595.2929352944816, 1538.175643451241, 1521.0590852071673, 1523.8866802216344, 1552.7382118998073, 1505.6545127069842, 1464.8190308484134, 1517.2792306799422, 1486.6898828624007, 1485.9289170490647, 1496.267858161815, 1469.252497154772, 1468.861630545356, 1457.1485983763953, 1427.5652936794509, 1404.1616010181717, 1397.8745628902516, 1383.4078757787188, 1336.0168201734577, 1315.5316814939201, 1246.309764662505, 1217.5809391963653, 1115.132309554442, 1105.590598041474], [6695.348014541793, 1629.6822502800685, 1554.1338918940578, 1499.4912098807135, 1481.662522059861, 1484.391649510838, 1513.4745008778332, 1464.8190308484134, 1427.9472739644032, 1479.3995002050144, 1449.478981837188, 1447.212499610246, 1457.3705346953063, 1430.895907224432, 1431.2607936556954, 1419.7405897532317, 1390.749985888463, 1369.6616897765616, 1360.905227556064, 1347.058976119531, 1301.1228875421973, 1280.3989740902355, 1213.6674312942566, 1185.6020137192036, 1086.398092858351, 1078.2532292832552], [6927.609173359499, 1690.0868024235372, 1610.8227885261047, 1555.7071268347556, 1535.828905375951, 1538.3747200535006, 1569.74003599694, 1517.2792306799422, 1479.3995002050144, 1534.888202426641, 1504.2749436390109, 1500.7934013148467, 1510.6952848872847, 1482.5199069595178, 1484.731119296488, 1472.7387087330835, 1442.101320400692, 1422.1623060844515, 1410.0980223791585, 1396.152343413197, 1349.2404385634443, 1327.2476419712732, 1258.1707354023515, 1228.7341004172251, 1126.5965532923462, 1119.8022712709494], [6786.557316834389, 1656.7212744361657, 1579.1032134123727, 1525.1936521353753, 1505.3731620120625, 1507.8738200750072, 1539.0545920018792, 1486.6898828624007, 1449.478981837188, 1504.2749436390109, 1475.4592387484956, 1471.0937002486216, 1480.5151612435395, 1452.7960429386524, 1455.2851761113668, 1443.8073074267659, 1413.3026773563959, 1394.6733174208157, 1381.658316387936, 1368.1734989360616, 1322.5459864345567, 1300.8032697054825, 1233.067453104789, 1204.1140576914213, 1104.2918800615084, 1098.1905120196782], [6784.877926167524, 1653.304068111586, 1576.8958865636798, 1521.5649091691703, 1502.9958405228388, 1505.66984602302, 1535.4772150064712, 1485.9289170490647, 1447.212499610246, 1500.7934013148467, 1471.0937002486216, 1469.2492420482774, 1478.3416383113056, 1451.2440328921998, 1452.7783203786832, 1440.8411370939355, 1410.8817052483564, 1390.0370497630083, 1380.4229007103042, 1366.9326078345684, 1320.3113277521747, 1299.3829222009506, 1231.572400088029, 1203.0000369304717, 1102.8644928778415, 1094.6660207516165], [6836.042750265483, 1664.647446511016, 1587.085537186998, 1531.70284555922, 1513.1544899985486, 1516.1010293453855, 1545.9926740504793, 1496.267858161815, 1457.3705346953063, 1510.6952848872847, 1480.5151612435395, 1478.3416383113056, 1489.035031995706, 1461.2219784887552, 1461.798314753916, 1450.3663511564782, 1420.695737633163, 1398.8526782791982, 1390.2577465620175, 1375.8573840233953, 1329.5579778808317, 1307.8350940405899, 1239.5667271942625, 1210.8547885015118, 1109.9373758069028, 1101.521966163871], [6715.30009572794, 1633.7953401289133, 1558.131859149305, 1502.9047965293673, 1485.3538155738256, 1488.2940677791762, 1516.955968707356, 1469.252497154772, 1430.895907224432, 1482.5199069595178, 1452.7960429386524, 1451.2440328921998, 1461.2219784887552, 1434.9356518038314, 1434.6697436950474, 1423.3999794813985, 1394.2142885234405, 1372.5179139875156, 1364.570588866234, 1350.6944443034854, 1304.4983436419627, 1283.966955114806, 1216.9621249160527, 1188.8493288343698, 1089.3232758302363, 1080.5342803005963], [6702.897313437525, 1635.0626138762298, 1559.27528813956, 1505.3796165592016, 1486.2049239449489, 1488.8945703959398, 1519.227874174187, 1468.861630545356, 1431.2607936556954, 1484.731119296488, 1455.2851761113668, 1452.7783203786832, 1461.798314753916, 1434.6697436950474, 1437.6148903226108, 1425.0360725472692, 1395.5525744796191, 1375.4873372745622, 1364.7715654941562, 1351.7776463837836, 1305.7869242282788, 1284.9284757810276, 1217.7653849980381, 1189.5595891175453, 1090.6118442016882, 1083.567563302421], [6655.265772702388, 1622.4439083674988, 1546.5995444724224, 1493.090249581642, 1474.4263126501633, 1476.7062634580125, 1506.8099601357735, 1457.1485983763953, 1419.7405897532317, 1472.7387087330835, 1443.8073074267659, 1440.8411370939355, 1450.3663511564782, 1423.3999794813985, 1425.0360725472692, 1414.1417371909452, 1384.3849762114223, 1364.5583251952835, 1353.9036312550893, 1340.342366665086, 1295.4075161181313, 1274.2220077518239, 1207.88059046117, 1179.8722685861949, 1081.6673285793909, 1074.2661735116324], [6520.5029414087685, 1588.984313709939, 1514.5981617097962, 1462.243917478124, 1444.0949025806735, 1446.6200651129873, 1475.6485186538118, 1427.5652936794509, 1390.749985888463, 1442.101320400692, 1413.3026773563959, 1410.8817052483564, 1420.695737633163, 1394.2142885234405, 1395.5525744796191, 1384.3849762114223, 1356.3368100003963, 1335.6756782921386, 1326.3841488068374, 1312.957224918297, 1268.663486938355, 1248.1772849911254, 1183.174982095205, 1155.6033927678038, 1059.148833279968, 1051.7944499447458], [6405.558117851639, 1565.782389929847, 1491.8734189101785, 1441.9921768243428, 1422.4564777472876, 1424.643567255961, 1454.5121195489348, 1404.1616010181717, 1369.6616897765616, 1422.1623060844515, 1394.6733174208157, 1390.0370497630083, 1398.8526782791982, 1372.5179139875156, 1375.4873372745622, 1364.5583251952835, 1335.6756782921386, 1319.6588605370405, 1305.2363034306964, 1292.6887491293987, 1249.8549261448202, 1228.9054288427872, 1164.9342045922028, 1137.3792535246005, 1043.469701327012, 1038.6406592042126], [6387.765930847859, 1554.0289199852384, 1482.0554467500956, 1429.717030803394, 1412.9195930515145, 1415.7247871817858, 1443.0510037124614, 1397.8745628902516, 1360.905227556064, 1410.0980223791585, 1381.658316387936, 1380.4229007103042, 1390.2577465620175, 1364.570588866234, 1364.7715654941562, 1353.9036312550893, 1326.3841488068374, 1305.2363034306964, 1298.9598210089985, 1284.928572734105, 1241.4975905501808, 1221.568813139127, 1157.4962344453725, 1130.839144635206, 1036.438264666349, 1027.7495895714871], [6317.493979182882, 1538.1730294071713, 1467.5063535343445, 1415.517935871826, 1398.6232417382807, 1401.3018620657895, 1428.6504047002468, 1383.4078757787188, 1347.058976119531, 1396.152343413197, 1368.1734989360616, 1366.9326078345684, 1375.8573840233953, 1350.6944443034854, 1351.7776463837836, 1340.342366665086, 1312.957224918297, 1292.6887491293987, 1284.928572734105, 1272.3739009941785, 1228.7604450832912, 1209.5082131861027, 1146.1209204357926, 1119.6330571263536, 1026.0501814828424, 1018.1286336604159], [6100.725841733111, 1486.5480591729142, 1417.3211419277366, 1367.9627489578945, 1351.1331012970254, 1353.6934813908877, 1380.713571838049, 1336.0168201734577, 1301.1228875421973, 1349.2404385634443, 1322.5459864345567, 1320.3113277521747, 1329.5579778808317, 1304.4983436419627, 1305.7869242282788, 1295.4075161181313, 1268.663486938355, 1249.8549261448202, 1241.4975905501808, 1228.7604450832912, 1187.832170941932, 1168.269359310431, 1107.092644746395, 1081.2834283701736, 991.2441250442571, 984.3183988220146], [6007.169054509665, 1462.6049364552978, 1395.0662696271752, 1345.3807008876058, 1329.6711366887232, 1332.0051746289237, 1357.7840878086813, 1315.5316814939201, 1280.3989740902355, 1327.2476419712732, 1300.8032697054825, 1299.3829222009506, 1307.8350940405899, 1283.966955114806, 1284.9284757810276, 1274.2220077518239, 1248.1772849911254, 1228.9054288427872, 1221.568813139127, 1209.5082131861027, 1168.269359310431, 1150.6280425615819, 1090.0272525489984, 1064.5300981044825, 975.1140269931497, 967.8147574460288], [5693.797848923616, 1386.6200230632098, 1322.2800523544663, 1275.351100498866, 1260.3050963997634, 1262.5158251476998, 1287.1546261401638, 1246.309764662505, 1213.6674312942566, 1258.1707354023515, 1233.067453104789, 1231.572400088029, 1239.5667271942625, 1216.9621249160527, 1217.7653849980381, 1207.88059046117, 1183.174982095205, 1164.9342045922028, 1157.4962344453725, 1146.1209204357926, 1107.092644746395, 1090.0272525489984, 1033.268038340955, 1008.9816263100695, 924.3175054416531, 917.2870321266731], [5563.613608843321, 1354.0886822566922, 1291.7482941342237, 1245.6899983564342, 1231.105100315944, 1233.0104376936085, 1257.2891801997062, 1217.5809391963653, 1185.6020137192036, 1228.7341004172251, 1204.1140576914213, 1203.0000369304717, 1210.8547885015118, 1188.8493288343698, 1189.5595891175453, 1179.8722685861949, 1155.6033927678038, 1137.3792535246005, 1130.839144635206, 1119.6330571263536, 1081.2834283701736, 1064.5300981044825, 1008.9816263100695, 985.8180477899856, 903.0829854604611, 895.6711015498632], [5091.881962482147, 1241.1455835487711, 1183.8131932569634, 1142.451993025219, 1128.234623792423, 1130.1664733595017, 1152.7872685630007, 1115.132309554442, 1086.398092858351, 1126.5965532923462, 1104.2918800615084, 1102.8644928778415, 1109.9373758069028, 1089.3232758302363, 1090.6118442016882, 1081.6673285793909, 1059.148833279968, 1043.469701327012, 1036.438264666349, 1026.0501814828424, 991.2441250442571, 975.1140269931497, 924.3175054416531, 903.0829854604611, 828.3207817710058, 821.6996310367635], [5039.598293007527, 1232.1517498021076, 1174.2339681158546, 1135.2727476841953, 1119.7433662537971, 1121.8165552526957, 1145.419001043359, 1105.590598041474, 1078.2532292832552, 1119.8022712709494, 1098.1905120196782, 1094.6660207516165, 1101.521966163871, 1080.5342803005963, 1083.567563302421, 1074.2661735116324, 1051.7944499447458, 1038.6406592042126, 1027.7495895714871, 1018.1286336604159, 984.3183988220146, 967.8147574460288, 917.2870321266731, 895.6711015498632, 821.6996310367635, 818.721680183012]], "genie_ms": [[391772.53810132, 111200.21038304, 108586.40854326, 104462.75363161, 100292.39797524, 106413.17922798, 107631.68684259, 104800.65022483, 102477.49254565, 106462.96281454, 103232.08732227, 104114.54010426, 103578.68008083, 101321.23937749, 102848.07711372, 100130.39553296, 100812.22040162, 100402.44990879, 99283.11587153, 98602.51230917, 96669.16246414, 91986.98629081, 89412.80028654, 85797.83124594, 79954.338208, 77336.16535445], [111200.21038304, 35244.46559633, 34653.03564749, 33755.62659677, 32828.60560276, 34257.75109292, 34779.6078185, 34126.74599813, 33386.81292753, 34344.43466727, 33638.08965333, 34009.7070014, 33767.89555418, 33124.24638877, 33589.86101684, 32954.72361916, 32776.42669619, 32755.92542893, 32333.85830216, 32042.04150062, 31569.04556156, 30347.65173853, 29385.2417625, 28478.84593438, 26519.9362197, 25654.52797705], [108586.40854326, 34653.03564749, 34200.45550221, 33294.03534946, 32397.9062088, 33808.5880729, 34302.88761164, 33658.88444997, 32939.75545921, 33848.96845172, 33192.42779851, 33560.72458482, 33332.94346257, 32687.36816235, 33140.21229468, 32537.67145152, 32355.16856902, 32312.6420132, 31887.95208638, 31608.08149896, 31135.93103455, 29967.97584844, 29019.61828069, 28129.63875248, 26166.68299567, 25365.54455913], [104462.75363161, 33755.62659677, 33294.03534946, 32538.13093385, 31693.54055813, 33010.42389436, 33503.83851557, 32890.6194388, 32192.79862866, 33055.86845588, 32447.01566258, 32818.28405027, 32587.44842735, 31987.55009879, 32446.10183059, 31843.98142044, 31625.1839694, 31605.77295542, 31177.32976223, 30890.64645791, 30421.1756739, 29310.08940627, 28409.31226188, 27562.25101493, 25650.34015369, 24887.81521407], [100292.39797524, 32828.60560276, 32397.9062088, 31693.54055813, 30970.32427516, 32159.90144817, 32649.14734562, 32095.27155796, 31398.16713532, 32199.45480608, 31662.98739971, 32035.16635588, 31798.34803923, 31220.61231688, 31659.72891533, 31118.54160662, 30852.97937209, 30845.16926525, 30416.55179826, 30114.73725429, 29675.83130527, 28639.44067083, 27743.53685389, 26940.40592555, 25058.56574075, 24353.59386468], [106413.17922798, 34257.75109292, 33808.5880729, 33010.42389436, 32159.90144817, 33589.77120461, 34055.20435506, 33397.72080476, 32676.0293162, 33602.20671988, 32971.34675158, 33359.82202478, 33126.92029053, 32481.49545431, 33002.21983751, 32345.93960982, 32152.63190033, 32102.09679215, 31679.50137188, 31373.72906715, 30881.77383277, 29741.28894301, 28870.21436812, 27962.93761273, 26029.20180546, 25263.60668905], [107631.68684259, 34779.6078185, 34302.88761164, 33503.83851557, 32649.14734562, 34055.20435506, 34616.21108694, 33911.59716765, 33186.60363724, 34137.56646138, 33477.31256507, 33875.33423144, 33636.31815887, 32992.05368627, 33511.56823036, 32850.76341824, 32640.07747085, 32589.82363772, 32162.14906068, 31853.36207663, 31385.22357556, 30213.8549862, 29315.95543628, 28400.54967823, 26452.11392705, 25627.82216885], [104800.65022483, 34126.74599813, 33658.88444997, 32890.6194388, 32095.27155796, 33397.72080476, 33911.59716765, 33344.45453024, 32594.94354484, 33464.09144332, 32872.69694748, 33264.3531739, 33010.96660464, 32390.65704632, 32869.13789538, 32293.15899796, 32036.91768569, 32013.06768126, 31585.35529664, 31265.87947903, 30828.97451531, 29718.68887621, 28773.95638257, 27940.94283181, 25978.52781718, 25235.38164431], [102477.49254565, 33386.81292753, 32939.75545921, 32192.79862866, 31398.16713532, 32676.0293162, 33186.60363724, 32594.94354484, 31920.62209722, 32736.85838591, 32148.04445563, 32533.63620657, 32287.65321279, 31692.51539684, 32153.51448245, 31580.54789624, 31333.38051377, 31314.982446, 30893.88042199, 30598.55259362, 30150.76575524, 29067.86083575, 28163.14312077, 27343.11630604, 25442.22242641, 24691.63174354], [106462.96281454, 34344.43466727, 33848.96845172, 33055.86845588, 32199.45480608, 33602.20671988, 34137.56646138, 33464.09144332, 32736.85838591, 33720.53863935, 33035.380049, 33429.48173528, 33192.72804755, 32551.52409057, 33071.31166951, 32415.09852237, 32214.94811182, 32160.64725063, 31748.65760544, 31437.82490265, 30981.59913725, 29809.63204496, 28923.34163335, 28015.04731655, 26096.8942098, 25244.45392879], [103232.08732227, 33638.08965333, 33192.42779851, 32447.01566258, 31662.98739971, 32971.34675158, 33477.31256507, 32872.69694748, 32148.04445563, 33035.380049, 32465.45736291, 32829.76871411, 32594.95738044, 31968.15385751, 32469.32510895, 31871.13663203, 31630.64150479, 31595.3320014, 31176.84929836, 30848.63831334, 30410.5492805, 29310.0401319, 28415.07160231, 27555.01673523, 25648.02574653, 24892.23129717], [104114.54010426, 34009.7070014, 33560.72458482, 32818.28405027, 32035.16635588, 33359.82202478, 33875.33423144, 33264.3531739, 32533.63620657, 33429.48173528, 32829.76871411, 33252.60057182, 32983.87136129, 32356.3353263, 32872.45354834, 32260.54822994, 32011.76186075, 31965.1380688, 31548.00312313, 31214.92893686, 30774.02209172, 29669.9110747, 28759.26298077, 27898.99334806, 25959.66064813, 25212.28819771], [103578.68008083, 33767.89555418, 33332.94346257, 32587.44842735, 31798.34803923, 33126.92029053, 33636.31815887, 33010.96660464, 32287.65321279, 33192.72804755, 32594.95738044, 32983.87136129, 32777.91820056, 32124.30331305, 32632.84076469, 32026.03444584, 31780.8331925, 31735.65669401, 31308.02888758, 30998.78806516, 30540.34839463, 29438.38799762, 28565.32446063, 27684.81062617, 25774.49468272, 25013.11903033], [101321.23937749, 33124.24638877, 32687.36816235, 31987.55009879, 31220.61231688, 32481.49545431, 32992.05368627, 32390.65704632, 31692.51539684, 32551.52409057, 31968.15385751, 32356.3353263, 32124.30331305, 31550.87610442, 32007.40455291, 31412.91721762, 31167.87577876, 31145.90414365, 30714.27317153, 30418.43962281, 29970.47064914, 28892.54029285, 28026.98511964, 27187.47784568, 25303.97879363, 24565.80417491], [102848.07711372, 33589.86101684, 33140.21229468, 32446.10183059, 31659.72891533, 33002.21983751, 33511.56823036, 32869.13789538, 32153.51448245, 33071.31166951, 32469.32510895, 32872.45354834, 32632.84076469, 32007.40455291, 32574.32621051, 31902.1949544, 31661.49405765, 31612.77904944, 31199.96201983, 30871.59415426, 30403.27752318, 29304.54603524, 28463.92390418, 27583.44403656, 25695.70463985, 24941.91675889], [100130.39553296, 32954.72361916, 32537.67145152, 31843.98142044, 31118.54160662, 32345.93960982, 32850.76341824, 32293.15899796, 31580.54789624, 32415.09852237, 31871.13663203, 32260.54822994, 32026.03444584, 31412.91721762, 31902.1949544, 31377.7923868, 31076.25226766, 31035.81380035, 30617.72445861, 30293.98543969, 29857.10153242, 28830.13336601, 27935.21886039, 27120.85008676, 25224.80149173, 24531.64337959], [100812.22040162, 32776.42669619, 32355.16856902, 31625.1839694, 30852.97937209, 32152.63190033, 32640.07747085, 32036.91768569, 31333.38051377, 32214.94811182, 31630.64150479, 32011.76186075, 31780.8331925, 31167.87577876, 31661.49405765, 31076.25226766, 30872.2920328, 30798.37482068, 30387.27142907, 30070.02370446, 29631.98124702, 28566.45105297, 27702.4424275, 26857.16552697, 24983.93690698, 24283.46984999], [100402.44990879, 32755.92542893, 32312.6420132, 31605.77295542, 30845.16926525, 32102.09679215, 32589.82363772, 32013.06768126, 31314.982446, 32160.64725063, 31595.3320014, 31965.1380688, 31735.65669401, 31145.90414365, 31612.77904944, 31035.81380035, 30798.37482068, 30794.04265453, 30363.25762279, 30054.78881846, 29617.44999485, 28550.48684906, 27676.92780257, 26855.86474394, 24987.5057049, 24284.92997646], [99283.11587153, 32333.85830216, 31887.95208638, 31177.32976223, 30416.55179826, 31679.50137188, 32162.14906068, 31585.35529664, 30893.88042199, 31748.65760544, 31176.84929836, 31548.00312313, 31308.02888758, 30714.27317153, 31199.96201983, 30617.72445861, 30387.27142907, 30363.25762279, 29971.384818, 29647.28313642, 29223.1578237, 28161.52910584, 27297.28202635, 26479.03050229, 24648.2100427, 23927.20551492], [98602.51230917, 32042.04150062, 31608.08149896, 30890.64645791, 30114.73725429, 31373.72906715, 31853.36207663, 31265.87947903, 30598.55259362, 31437.82490265, 30848.63831334, 31214.92893686, 30998.78806516, 30418.43962281, 30871.59415426, 30293.98543969, 30070.02370446, 30054.78881846, 29647.28313642, 29389.22993942, 28932.70677014, 27874.69546265, 27035.98861313, 26222.29661383, 24412.01223989, 23661.25433362], [96669.16246414, 31569.04556156, 31135.93103455, 30421.1756739, 29675.83130527, 30881.77383277, 31385.22357556, 30828.97451531, 30150.76575524, 30981.59913725, 30410.5492805, 30774.02209172, 30540.34839463, 29970.47064914, 30403.27752318, 29857.10153242, 29631.98124702, 29617.44999485, 29223.1578237, 28932.70677014, 28577.97400779, 27507.23342893, 26613.3538756, 25845.57740514, 24040.39230049, 23278.30785782], [91986.98629081, 30347.65173853, 29967.97584844, 29310.08940627, 28639.44067083, 29741.28894301, 30213.8549862, 29718.68887621, 29067.86083575, 29809.63204496, 29310.0401319, 29669.9110747, 29438.38799762, 28892.54029285, 29304.54603524, 28830.13336601, 28566.45105297, 28550.48684906, 28161.52910584, 27874.69546265, 27507.23342893, 26560.55935926, 25678.39684714, 24962.31363349, 23204.68163528, 22536.31772201], [89412.80028654, 29385.2417625, 29019.61828069, 28409.31226188, 27743.53685389, 28870.21436812, 29315.95543628, 28773.95638257, 28163.14312077, 28923.34163335, 28415.07160231, 28759.26298077, 28565.32446063, 28026.98511964, 28463.92390418, 27935.21886039, 27702.4424275, 27676.92780257, 27297.28202635, 27035.98861313, 26613.3538756, 25678.39684714, 24952.17810949, 24178.05130114, 22523.68567905, 21837.78770123], [85797.83124594, 28478.84593438, 28129.63875248, 27562.25101493, 26940.40592555, 27962.93761273, 28400.54967823, 27940.94283181, 27343.11630604, 28015.04731655, 27555.01673523, 27898.99334806, 27684.81062617, 27187.47784568, 27583.44403656, 27120.85008676, 26857.16552697, 26855.86474394, 26479.03050229, 26222.29661383, 25845.57740514, 24962.31363349, 24178.05130114, 23525.41553661, 21859.77599848, 21250.24574571], [79954.338208, 26519.9362197, 26166.68299567, 25650.34015369, 25058.56574075, 26029.20180546, 26452.11392705, 25978.52781718, 25442.22242641, 26096.8942098, 25648.02574653, 25959.66064813, 25774.49468272, 25303.97879363, 25695.70463985, 25224.80149173, 24983.93690698, 24987.5057049, 24648.2100427, 24412.01223989, 24040.39230049, 23204.68163528, 22523.68567905, 21859.77599848, 20396.99532935, 19717.87948548], [77336.16535445, 25654.52797705, 25365.54455913, 24887.81521407, 24353.59386468, 25263.60668905, 25627.82216885, 25235.38164431, 24691.63174354, 25244.45392879, 24892.23129717, 25212.28819771, 25013.11903033, 24565.80417491, 24941.91675889, 24531.64337959, 24283.46984999, 24284.92997646, 23927.20551492, 23661.25433362, 23278.30785782, 22536.31772201, 21837.78770123, 21250.24574571, 19717.87948548, 19462.54003908]], "genie_us": [[49020.85702735433, 11696.38805019641, 10092.536879850959, 11474.186936038815, 10596.827730368313, 11222.785838289225, 10456.237382229398, 11134.316908799263, 11191.89143427701, 9677.723208883745, 10429.042943044506, 10772.479046634986, 9935.046198758102, 10995.1088724057, 11385.35900522031, 10746.257740771163, 10479.28050164918, 10488.464800560198, 9434.88044015864, 9250.150546274415, 9621.046297399927, 9156.67680904196, 9124.77949890035, 7638.003498327857, 7531.932775014948, 6600.9294662028], [11696.38805019641, 2852.8214916870543, 2489.737542788083, 2804.2087662839376, 2614.6583904723575, 2737.2711025137237, 2575.1807885799262, 2716.0529775302966, 2747.3164661075693, 2394.554632136821, 2581.1314089030725, 2649.1055199586945, 2459.594956910512, 2700.6122730716725, 2790.4194866221555, 2635.073840595806, 2559.110839611951, 2571.8944760093364, 2340.373276861321, 2286.1150226941854, 2365.834054260688, 2256.6327122544294, 2240.604185126543, 1890.8844277050646, 1866.926640024162, 1633.0858911450894], [10092.536879850959, 2489.737542788083, 2314.4645212331843, 2410.036163271474, 2339.6127871420244, 2293.788019295653, 2271.346828779336, 2280.388436202641, 2394.2552248186807, 2219.4674647347474, 2294.6668155339144, 2315.927993702703, 2241.606644792723, 2327.5488988446177, 2405.4977870269136, 2263.0055746719004, 2135.9734067326767, 2196.8355947153054, 2144.7315883576694, 2017.0517070485982, 2058.1360490538173, 1972.481296225729, 1869.861508973374, 1670.2754883631237, 1705.4515096889584, 1462.7293248021915], [11474.186936038815, 2804.2087662839376, 2410.036163271474, 2796.767833945309, 2575.5016716773666, 2747.6821674387775, 2532.7012713004174, 2722.83416628379, 2745.9989052761844, 2327.0751119455012, 2548.7582312616078, 2629.2526995488593, 2407.912738499893, 2707.3455289854583, 2772.8447958054808, 2630.2619750292797, 2574.2182729537108, 2579.2863476025395, 2284.3890902387943, 2266.307256113643, 2346.908856546455, 2257.7306640293177, 2261.62056264233, 1861.47793347184, 1845.310224293758, 1606.066122492223], [10596.827730368313, 2614.6583904723575, 2339.6127871420244, 2575.5016716773666, 2450.0446812128516, 2487.187769654247, 2378.5183027633375, 2469.4219916226134, 2556.0862405725316, 2254.3438122399557, 2418.6313039032825, 2451.535804039982, 2312.4299242397587, 2499.3092831162357, 2559.771931889586, 2423.037021825475, 2322.43277254388, 2364.612620019352, 2203.445052453153, 2134.1402265693278, 2180.230908983784, 2101.9937211849724, 2046.4302060731045, 1742.2149999675842, 1759.9386530767244, 1486.1642147538987], [11222.785838289225, 2737.2711025137237, 2293.788019295653, 2747.6821674387775, 2487.187769654247, 2727.9817972281526, 2465.2652996249512, 2700.486169173886, 2682.3075161333472, 2218.5363262444334, 2468.5636951239026, 2567.7002558230274, 2311.5691652190635, 2658.613347686958, 2722.4747715196904, 2586.8697594384403, 2561.530453607423, 2542.35417953284, 2187.6911969728912, 2203.6897550080757, 2298.244825699301, 2206.721980391456, 2247.416914651888, 1816.0134785495202, 1774.8665245721156, 1569.2942391031431], [10456.237382229398, 2575.1807885799262, 2271.346828779336, 2532.7012713004174, 2378.5183027633375, 2465.2652996249512, 2337.0488521800503, 2446.7598620813533, 2490.4528790115282, 2187.325534583051, 2349.3923248580545, 2401.8187645306402, 2244.071045182029, 2446.3437218417175, 2522.2991039257226, 2383.6444178335432, 2305.937863555232, 2325.6335283657986, 2137.466771806459, 2079.7707985661673, 2144.6319708107294, 2050.949812670376, 2022.4101668657795, 1720.5480353573394, 1706.9879887525094, 1488.6161273533614], [11134.316908799263, 2716.0529775302966, 2280.388436202641, 2722.83416628379, 2469.4219916226134, 2700.486169173886, 2446.7598620813533, 2674.28974052243, 2658.2175171838376, 2204.9141159936407, 2450.190920899097, 2545.651142495016, 2295.6929171940665, 2633.2147814227233, 2698.338126017523, 2563.221654821025, 2535.091053361472, 2517.6179803297514, 2173.5848378180085, 2186.5466777796482, 2278.6507526244513, 2186.7153738800102, 2224.3948779542848, 1801.7150819535443, 1760.4274445656372, 1555.5029152393927], [11191.89143427701, 2747.3164661075693, 2394.2552248186807, 2745.9989052761844, 2556.0862405725316, 2682.3075161333472, 2490.4528790115282, 2658.2175171838376, 2718.2729675985793, 2313.6750073970443, 2529.3836802019655, 2591.6890742311525, 2393.8386391146723, 2671.563417572254, 2718.6017254879625, 2584.2209475935224, 2511.549192640034, 2535.080521438973, 2271.9240080835148, 2244.2828018688024, 2307.005455118289, 2236.140753495941, 2213.017094651777, 1826.591561703867, 1839.5519196090834, 1565.0957021244553], [9677.723208883745, 2394.554632136821, 2219.4674647347474, 2327.0751119455012, 2254.3438122399557, 2218.5363262444334, 2187.325534583051, 2204.9141159936407, 2313.6750073970443, 2131.9836462311323, 2213.2543723119547, 2234.543769934078, 2156.632400566204, 2251.3829272674193, 2321.356035061012, 2186.2085547851843, 2067.0264289010647, 2124.581029578243, 2062.2495307497843, 1947