{"ppfx": [[173236.92323699, 111663.87302, 118210.96418923, 128510.96622904, 133973.77189285, 141491.3376987, 134137.29341422, 137322.26833368, 144166.32639659, 141584.51630178, 149566.98295787, 142809.77811663, 132546.99817082, 146906.4063389, 149005.11493932, 147739.97126045, 151995.58544943, 118128.49478993, 147331.63443416, 149606.82951707, 150006.53397472, 151309.2149837, 144921.40207543, 135140.66632332, 110766.82976896, 57079.27467835], [111663.87302, 72314.79593346, 76460.5547145, 83061.18182011, 86535.33984008, 91504.58939406, 86740.31885073, 88745.99975419, 93212.21002901, 91535.53715825, 96722.97229409, 92277.45656018, 85644.78194173, 94977.43144341, 96375.40517571, 95454.57416141, 98305.49015185, 76413.85199316, 95177.84240886, 96565.20721595, 96816.8206455, 97781.29036711, 93635.79347287, 87359.10689229, 71574.57148439, 36873.94385358], [118210.96418923, 76460.5547145, 81334.13144234, 87747.24269908, 91347.7131365, 96931.10093298, 91294.72826034, 94055.70487195, 98726.02958271, 96934.22706047, 101974.20681993, 97449.54649147, 90283.5571986, 100405.42051758, 101542.19078474, 101282.11752778, 103906.19140698, 80508.62541865, 100572.28348733, 102106.33364901, 102372.3681987, 103362.81368674, 98861.31790142, 92416.66598134, 75742.64561139, 39047.11500484], [128510.96622904, 83061.18182011, 87747.24269908, 95897.13880872, 99982.47439417, 105190.57166686, 100337.80879494, 102027.78391373, 107230.85439487, 105267.02246576, 111721.46707205, 106397.84757162, 98913.92297436, 109414.05532426, 111376.52477223, 109587.47906112, 113288.82375179, 88238.15480625, 109720.64267247, 111295.45981108, 111476.27145407, 112610.2303335, 108069.41607556, 100512.84010798, 82370.11959986, 42420.57326154], [133973.77189285, 86535.33984008, 91347.7131365, 99982.47439417, 104658.54769477, 109445.02673933, 104843.65665371, 106263.96866722, 111693.92608738, 109736.89546002, 116786.64540334, 111025.85228278, 103295.18162507, 114160.50639078, 116265.8111735, 113997.4506102, 118228.16859374, 92232.55780668, 114513.69593681, 116111.76486983, 116247.1602835, 117424.49085548, 112837.31333964, 104746.42504042, 85853.65692628, 44238.30688679], [141491.3376987, 91504.58939406, 96931.10093298, 105190.57166686, 109445.02673933, 116746.55805332, 109939.89689345, 112701.65050954, 118351.76516195, 116112.46539412, 122446.87370135, 117009.22085079, 108609.21161905, 120299.53975019, 122204.02304312, 121245.65028249, 124651.70395333, 96629.33295209, 120589.74962651, 122419.6875016, 122848.12762761, 123822.80373799, 118702.79388628, 110775.01552983, 90742.30858508, 46889.63621414], [134137.29341422, 86740.31885073, 91294.72826034, 100337.80879494, 104843.65665371, 109939.89689345, 106337.08391072, 106530.95177101, 112167.32121229, 110059.48881243, 117460.65937913, 111892.40319533, 104412.28051951, 114643.46484712, 117492.91248958, 114264.61603176, 119047.66764726, 93054.32156592, 114993.44244133, 116566.63357039, 116927.85271536, 117837.74568874, 113484.69705574, 105167.18652687, 86182.67519291, 44565.59068459], [137322.26833368, 88745.99975419, 94055.70487195, 102027.78391373, 106263.96866722, 112701.65050954, 106530.95177101, 109382.60696195, 114719.56362088, 112548.96775944, 118741.27697279, 113395.80401453, 105215.23519689, 116729.89216826, 118358.74527629, 117532.78571901, 120823.24051395, 93705.06631099, 117006.84274775, 118745.36599373, 119095.50531868, 120093.76145614, 115098.92212967, 107392.71720081, 88008.7060748, 45401.44344252], [144166.32639659, 93212.21002901, 98726.02958271, 107230.85439487, 111693.92608738, 118351.76516195, 112167.32121229, 114719.56362088, 120667.62750293, 118274.97712589, 124870.44799613, 119256.40477615, 110717.79724865, 122632.99809529, 124556.34643507, 123452.24175665, 127024.80755094, 98619.62610163, 122908.19689074, 124791.89911613, 125140.13640602, 126165.82529803, 120975.45784556, 112841.32488299, 92464.35003926, 47746.13401003], [141584.51630178, 91535.53715825, 96934.22706047, 105267.02246576, 109736.89546002, 116112.46539412, 110059.48881243, 112548.96775944, 118274.97712589, 116219.18534967, 122642.56845867, 117120.17416514, 108671.4858636, 120450.31717305, 122230.08591147, 121120.59280014, 124734.37441406, 96898.64536716, 120687.20975316, 122511.50699787, 122866.78021039, 123939.70687226, 118765.08055906, 110788.30755656, 90766.02397209, 46867.82710962], [149566.98295787, 96722.97229409, 101974.20681993, 111721.46707205, 116786.64540334, 122446.87370135, 117460.65937913, 118741.27697279, 124870.44799613, 122642.56845867, 130998.98646424, 124210.94777367, 115666.53238442, 127691.9320963, 130258.62975155, 127305.37344213, 132246.69398968, 103235.31927582, 128081.67710966, 129595.66949833, 129965.73234085, 131317.95703016, 126236.09891461, 117113.94516084, 95969.32483169, 49463.19150992], [142809.77811663, 92277.45656018, 97449.54649147, 106397.84757162, 111025.85228278, 117009.22085079, 111892.40319533, 113395.80401453, 119256.40477615, 117120.17416514, 124210.94777367, 118825.13320892, 110310.12391975, 121707.31801892, 124041.88931025, 121954.21552584, 126134.97137983, 98327.03628599, 121884.62418435, 123878.56499343, 124221.21929083, 125170.98863054, 120170.54899447, 111848.46891638, 91607.7145855, 47335.99046095], [132546.99817082, 85644.78194173, 90283.5571986, 98913.92297436, 103295.18162507, 108609.21161905, 104412.28051951, 105215.23519689, 110717.79724865, 108671.4858636, 115666.53238442, 110310.12391975, 103009.50378716, 113073.40207818, 115572.49845027, 112985.77356952, 117377.21506215, 91615.97599838, 113418.95008839, 115036.65341107, 115408.61984347, 116336.84988565, 111815.86987901, 103848.29339319, 85114.14359411, 44027.06492004], [146906.4063389, 94977.43144341, 100405.42051758, 109414.05532426, 114160.50639078, 120299.53975019, 114643.46484712, 116729.89216826, 122632.99809529, 120450.31717305, 127691.9320963, 121707.31801892, 113073.40207818, 125284.14941484, 127234.7009088, 125401.33094179, 129590.0882412, 100850.82985596, 125427.40572273, 127225.88277286, 127553.95201491, 128726.882942, 123511.89500086, 114949.72883926, 94204.84282482, 48581.71329837], [149005.11493932, 96375.40517571, 101542.19078474, 111376.52477223, 116265.8111735, 122204.02304312, 117492.91248958, 118358.74527629, 124556.34643507, 122230.08591147, 130258.62975155, 124041.88931025, 115572.49845027, 127234.7009088, 130305.65382201, 127026.0050278, 131959.54568066, 103025.30842813, 127547.67295218, 129295.70919414, 129690.59363112, 130894.71166303, 125816.4079999, 116799.02432604, 95698.21634456, 49462.3759615], [147739.97126045, 95454.57416141, 101282.11752778, 109587.47906112, 113997.4506102, 121245.65028249, 114264.61603176, 117532.78571901, 123452.24175665, 121120.59280014, 127305.37344213, 121954.21552584, 112985.77356952, 125401.33094179, 127026.0050278, 126859.9680578, 129824.83078487, 100590.9236956, 125589.19768263, 127774.14297001, 128125.23837615, 129092.39915379, 123521.46251562, 115540.84353341, 94672.92017367, 48880.72723914], [151995.58544943, 98305.49015185, 103906.19140698, 113288.82375179, 118228.16859374, 124651.70395333, 119047.66764726, 120823.24051395, 127024.80755094, 124734.37441406, 132246.69398968, 126134.97137983, 117377.21506215, 129590.0882412, 131959.54568066, 129824.83078487, 134800.65855084, 104656.15798495, 129901.28947322, 131811.24287091, 132176.76563413, 133254.89120198, 128049.96388927, 119052.69568536, 97485.17324064, 50372.47207482], [118128.49478993, 76413.85199316, 80508.62541865, 88238.15480625, 92232.55780668, 96629.33295209, 93054.32156592, 93705.06631099, 98619.62610163, 96898.64536716, 103235.31927582, 98327.03628599, 91615.97599838, 100850.82985596, 103025.30842813, 100590.9236956, 104656.15798495, 81877.78858325, 101121.95842901, 102521.81270158, 102774.64549498, 103750.19975948, 99693.65858183, 92575.49137219, 75825.52227705, 39134.92701801], [147331.63443416, 95177.84240886, 100572.28348733, 109720.64267247, 114513.69593681, 120589.74962651, 114993.44244133, 117006.84274775, 122908.19689074, 120687.20975316, 128081.67710966, 121884.62418435, 113418.95008839, 125427.40572273, 127547.67295218, 125589.19768263, 129901.28947322, 101121.95842901, 126052.96603776, 127402.75344985, 127922.64679358, 129075.34756786, 123890.54964692, 115172.10218489, 94431.89361158, 48644.69203515], [149606.82951707, 96565.20721595, 102106.33364901, 111295.45981108, 116111.76486983, 122419.6875016, 116566.63357039, 118745.36599373, 124791.89911613, 122511.50699787, 129595.66949833, 123878.56499343, 115036.65341107, 127225.88277286, 129295.70919414, 127774.14297001, 131811.24287091, 102521.81270158, 127402.75344985, 129868.02042826, 129846.59099464, 130821.47910755, 125614.79735605, 116987.06046252, 95811.9849899, 49466.63671487], [150006.53397472, 96816.8206455, 102372.3681987, 111476.27145407, 116247.1602835, 122848.12762761, 116927.85271536, 119095.50531868, 125140.13640602, 122866.78021039, 129965.73234085, 124221.21929083, 115408.61984347, 127553.95201491, 129690.59363112, 128125.23837615, 132176.76563413, 102774.64549498, 127922.64679358, 129846.59099464, 130538.74352047, 131272.87531111, 125911.35927622, 117283.63452021, 96132.50005007, 49594.09054204], [151309.2149837, 97781.29036711, 103362.81368674, 112610.2303335, 117424.49085548, 123822.80373799, 117837.74568874, 120093.76145614, 126165.82529803, 123939.70687226, 131317.95703016, 125170.98863054, 116336.84988565, 128726.882942, 130894.71166303, 129092.39915379, 133254.89120198, 103750.19975948, 129075.34756786, 130821.47910755, 131272.87531111, 132762.05007351, 126979.17899727, 118326.92391632, 97003.20990716, 49963.49723195], [144921.40207543, 93635.79347287, 98861.31790142, 108069.41607556, 112837.31333964, 118702.79388628, 113484.69705574, 115098.92212967, 120975.45784556, 118765.08055906, 126236.09891461, 120170.54899447, 111815.86987901, 123511.89500086, 125816.4079999, 123521.46251562, 128049.96388927, 99693.65858183, 123890.54964692, 125614.79735605, 125911.35927622, 126979.17899727, 122245.09398342, 113401.15220229, 92914.57435057, 47923.57308197], [135140.66632332, 87359.10689229, 92416.66598134, 100512.84010798, 104746.42504042, 110775.01552983, 105167.18652687, 107392.71720081, 112841.32488299, 110788.30755656, 117113.94516084, 111848.46891638, 103848.29339319, 114949.72883926, 116799.02432604, 115540.84353341, 119052.69568536, 92575.49137219, 115172.10218489, 116987.06046252, 117283.63452021, 118326.92391632, 113401.15220229, 105850.73131478, 86632.28427438, 44744.5532403], [110766.82976896, 71574.57148439, 75742.64561139, 82370.11959986, 85853.65692628, 90742.30858508, 86182.67519291, 88008.7060748, 92464.35003926, 90766.02397209, 95969.32483169, 91607.7145855, 85114.14359411, 94204.84282482, 95698.21634456, 94672.92017367, 97485.17324064, 75825.52227705, 94431.89361158, 95811.9849899, 96132.50005007, 97003.20990716, 92914.57435057, 86632.28427438, 71123.19336721, 36636.82263962], [57079.27467835, 36873.94385358, 39047.11500484, 42420.57326154, 44238.30688679, 46889.63621414, 44565.59068459, 45401.44344252, 47746.13401003, 46867.82710962, 49463.19150992, 47335.99046095, 44027.06492004, 48581.71329837, 49462.3759615, 48880.72723914, 50372.47207482, 39134.92701801, 48644.69203515, 49466.63671487, 49594.09054204, 49963.49723195, 47923.57308197, 44744.5532403, 36636.82263962, 19220.03869964]], "beamline": [[45235.67193839013, 20393.64797889164, 20305.103995116522, 22403.984156021535, 22885.035426153125, 23053.751181656993, 22476.637546309255, 22695.41596407656, 23871.271349692415, 23093.959469400463, 23890.572076511482, 23809.6471165983, 23221.147487404156, 23868.953244539833, 25003.553805107716, 24694.21843700229, 25668.1565684841, 20575.737912535726, 24761.02733133183, 26602.188858045956, 27042.787681736343, 25409.826910986925, 24804.65236284693, 23256.004801117677, 18175.347049348376, 10311.897780216574], [20393.64797889164, 9208.567008809043, 9162.713563753134, 10108.142588002102, 10327.742723457612, 10404.193304621152, 10149.68777720674, 10244.934074187, 10774.236356338624, 10425.1851654784, 10782.992683821605, 10746.624920584274, 10475.790287291984, 10771.960702038918, 11282.4435693438, 11142.527731988419, 11580.577430198055, 9281.460146216616, 11173.686534533546, 11999.150432449595, 12196.539825229123, 11466.260729394515, 11191.864376089809, 10490.87181595577, 8199.683460306442, 4653.463604308101], [20305.103995116522, 9162.713563753134, 9127.722529101315, 10067.331620177512, 10283.29142963782, 10362.053294791354, 10122.339367949939, 10203.822162572456, 10727.440554639381, 10377.13086743921, 10730.141838603711, 10699.74936344669, 10434.618510583488, 10724.402202070241, 11230.214011983015, 11097.958092506851, 11526.596064939733, 9233.697682193997, 11124.022092764604, 11947.024026286002, 12135.218185505628, 11421.613715001555, 11138.360713538104, 10443.855721534777, 8166.1906042235105, 4629.719739548306], [22403.984156021535, 10108.142588002102, 10067.331620177512, 11113.793787666704, 11348.601225279723, 11432.492353036418, 11160.813233610583, 11259.446390635152, 11840.569722705955, 11448.622817180669, 11840.187290920616, 11806.331615854046, 11512.380527077004, 11835.744280498184, 12391.491835083538, 12239.341487046084, 12720.87086413667, 10191.143363369427, 12274.481086064208, 13182.416153664313, 13395.251441166201, 12598.781888696738, 12291.810374331239, 11519.495975558544, 9006.879937202488, 5110.272947827167], [22885.035426153125, 10327.742723457612, 10283.29142963782, 11348.601225279723, 11597.208425711677, 11678.058183987603, 11389.659249644124, 11502.87225761037, 12096.00848349153, 11694.412721427942, 12103.40943708151, 12061.412332035303, 11759.080368190747, 12090.246940530671, 12663.060025151648, 12501.14186726139, 12998.986401072725, 10411.048842114966, 12539.183723102342, 13469.704417517827, 13689.603311198009, 12865.802483228848, 12559.999262833582, 11773.484876533981, 9198.894580059829, 5223.708087687896], [23053.751181656993, 10404.193304621152, 10362.053294791354, 11432.492353036418, 11678.058183987603, 11770.479448257798, 11486.27431344364, 11586.722721497768, 12182.857455059071, 11778.283271363889, 12187.651337927195, 12147.016672746144, 11849.785095196305, 12175.980987739813, 12754.559359056111, 12595.87257113806, 13092.084604494861, 10486.779361385286, 12629.83253038663, 13566.608639800148, 13781.904556018619, 12963.604967101357, 12649.214334431355, 11856.271353751352, 9267.920302083483, 5258.79810815351], [22476.637546309255, 10149.68777720674, 10122.339367949939, 11160.813233610583, 11389.659249644124, 11486.27431344364, 11298.367293462996, 11312.694144844885, 11883.391849396592, 11499.961740716233, 11874.842235503826, 11858.807776122905, 11564.55269824118, 11868.481114602904, 12433.601114035519, 12311.819723132176, 12746.32658351949, 10213.891880969853, 12323.705805603398, 13226.656004381372, 13417.857152492319, 12683.511541871412, 12327.252077306475, 11566.757598979737, 9056.473609491006, 5118.392617105086], [22695.41596407656, 10244.934074187, 10203.822162572456, 11259.446390635152, 11502.87225761037, 11586.722721497768, 11312.694144844885, 11416.915592653884, 11999.618033983843, 11601.277927518966, 12000.405147793552, 11965.423144302837, 11667.337331513725, 11994.446447376204, 12558.737045183396, 12404.108351241106, 12891.463147952858, 10323.110565441566, 12438.463431515527, 13360.702168528602, 13570.956353364225, 12768.219889283444, 12453.598516738093, 11674.401945795875, 9128.265341286364, 5178.8820815799145], [23871.271349692415, 10774.236356338624, 10727.440554639381, 11840.569722705955, 12096.00848349153, 12182.857455059071, 11883.391849396592, 11999.618033983843, 12621.599204879194, 12200.83650168748, 12622.118938355461, 12583.428687917069, 12267.494644288807, 12615.678070869028, 13208.617829930054, 13040.724711040666, 13559.6761170474, 10859.339131903816, 13081.682113163912, 14046.08089344047, 14277.900921122935, 13422.022498252527, 13100.632399864722, 12277.469198337687, 9595.945374924439, 5448.729805439099], [23093.959469400463, 10425.1851654784, 10377.13086743921, 11448.622817180669, 11694.412721427942, 11778.283271363889, 11499.961740716233, 11601.277927518966, 12200.83650168748, 11811.622207746115, 12206.303665541194, 12172.368935747396, 11861.571660035506, 12200.835561891057, 12771.349626752011, 12620.563209659389, 13110.428193078464, 10506.696225073965, 12654.853180500128, 13585.810839210784, 13806.721625689643, 12987.118047655626, 12670.850673466535, 11879.061573251765, 9287.724591752924, 5265.395856836054], [23890.572076511482, 10782.992683821605, 10730.141838603711, 11840.187290920616, 12103.40943708151, 12187.651337927195, 11874.842235503826, 12000.405147793552, 12622.118938355461, 12206.303665541194, 12644.392668169883, 12587.189911644213, 12271.828226098469, 12614.194579015182, 13221.58066433469, 13048.737553723045, 13572.298032755076, 10871.761334730012, 13086.241913332005, 14061.038112814289, 14296.2676508681, 13423.954040515495, 13115.307355204366, 12293.741066599512, 9601.791534057122, 5454.104980721717], [23809.6471165983, 10746.624920584274, 10699.74936344669, 11806.331615854046, 12061.412332035303, 12147.016672746144, 11858.807776122905, 11965.423144302837, 12583.428687917069, 12172.368935747396, 12587.189911644213, 12554.070475606228, 12232.898831715422, 12579.614540219216, 13171.440604334475, 13009.417096111643, 13521.0218599439, 10831.7678737805, 13048.673657289402, 14009.89617344362, 14241.064042220021, 13392.252345686084, 13065.871285237901, 12249.673034927357, 9574.150613954684, 5432.842496388537], [23221.147487404156, 10475.790287291984, 10434.618510583488, 11512.380527077004, 11759.080368190747, 11849.785095196305, 11564.55269824118, 11667.337331513725, 12267.494644288807, 11861.571660035506, 12271.828226098469, 12232.898831715422, 11934.821659101248, 12262.58957428132, 12842.968384296146, 12687.050354229737, 13183.787400344625, 10561.010507079563, 12717.780595133605, 13662.906880170995, 13882.089869430412, 13055.676101777583, 12738.58516927853, 11940.654000687891, 9335.461794494015, 5295.782016607447], [23868.953244539833, 10771.960702038918, 10724.402202070241, 11835.744280498184, 12090.246940530671, 12175.980987739813, 11868.481114602904, 11994.446447376204, 12615.678070869028, 12200.835561891057, 12614.194579015182, 12579.614540219216, 12262.58957428132, 12623.13348665938, 13201.243161938204, 13037.09015570321, 13556.515067655435, 10857.909318144102, 13077.870807948042, 14044.069068097233, 14275.598957831531, 13417.541620283559, 13096.471723317016, 12272.882141380804, 9593.419007232202, 5447.180887191198], [25003.553805107716, 11282.4435693438, 11230.214011983015, 12391.491835083538, 12663.060025151648, 12754.559359056111, 12433.601114035519, 12558.737045183396, 13208.617829930054, 12771.349626752011, 13221.58066433469, 13171.440604334475, 12842.968384296146, 13201.243161938204, 13834.791354386798, 13654.218669423217, 14199.657764632942, 11377.407487678633, 13695.758551855935, 14711.856980095437, 14957.157652134543, 14052.888595034952, 13720.643787646959, 12862.36500523049, 10049.23979222698, 5706.408211237726], [24694.21843700229, 11142.527731988419, 11097.958092506851, 12239.341487046084, 12501.14186726139, 12595.87257113806, 12311.819723132176, 12404.108351241106, 13040.724711040666, 12620.563209659389, 13048.737553723045, 13009.417096111643, 12687.050354229737, 13037.09015570321, 13654.218669423217, 13500.016015438676, 14012.790218587006, 11228.24362044795, 13524.89895258552, 14526.601549173352, 14757.169326968302, 13890.502251074255, 13544.50546957973, 12701.47067238025, 9933.25334167203, 5628.575254819893], [25668.1565684841, 11580.577430198055, 11526.596064939733, 12720.87086413667, 12998.986401072725, 13092.084604494861, 12746.32658351949, 12891.463147952858, 13559.6761170474, 13110.428193078464, 13572.298032755076, 13521.0218599439, 13183.787400344625, 13556.515067655435, 14199.657764632942, 14012.790218587006, 14582.360489455416, 11680.15616307674, 14059.51948709881, 15103.529921510602, 15356.714413318261, 14417.948173985995, 14086.336637497896, 13201.054243944563, 10314.194305462343, 5858.487939395321], [20575.737912535726, 9281.460146216616, 9233.697682193997, 10191.143363369427, 10411.048842114966, 10486.779361385286, 10213.891880969853, 10323.110565441566, 10859.339131903816, 10506.696225073965, 10871.761334730012, 10831.7678737805, 10561.010507079563, 10857.909318144102, 11377.407487678633, 11228.24362044795, 11680.15616307674, 9368.837772894009, 11265.390920392729, 12102.841644864826, 12307.419758387949, 11556.100323154547, 11286.884421134917, 10578.712488271754, 8266.323955209884, 4693.0579377064105], [24761.02733133183, 11173.686534533546, 11124.022092764604, 12274.481086064208, 12539.183723102342, 12629.83253038663, 12323.705805603398, 12438.463431515527, 13081.682113163912, 12654.853180500128, 13086.241913332005, 13048.673657289402, 12717.780595133605, 13077.870807948042, 13695.758551855935, 13524.89895258552, 14059.51948709881, 11265.390920392729, 13568.24133968172, 14566.710391412424, 14807.024168526297, 13921.481433179597, 13584.924269768677, 12735.944325745631, 9955.737224241928, 5647.488398124106], [26602.188858045956, 11999.150432449595, 11947.024026286002, 13182.416153664313, 13469.704417517827, 13566.608639800148, 13226.656004381372, 13360.702168528602, 14046.08089344047, 13585.810839210784, 14061.038112814289, 14009.89617344362, 13662.906880170995, 14044.069068097233, 14711.856980095437, 14526.601549173352, 15103.529921510602, 12102.841644864826, 14566.710391412424, 15656.419829481038, 15908.785055120825, 14949.228507911233, 14593.261712917896, 13681.959774001209, 10691.286910729414, 6068.199929170059], [27042.787681736343, 12196.539825229123, 12135.218185505628, 13395.251441166201, 13689.603311198009, 13781.904556018619, 13417.857152492319, 13570.956353364225, 14277.900921122935, 13806.721625689643, 14296.2676508681, 14241.064042220021, 13882.089869430412, 14275.598957831531, 14957.157652134543, 14757.169326968302, 15356.714413318261, 12307.419758387949, 14807.024168526297, 15908.785055120825, 16188.797400282732, 15187.11824368378, 14841.713500883185, 13910.255202720102, 10862.45453836794, 6174.127599136402], [25409.826910986925, 11466.260729394515, 11421.613715001555, 12598.781888696738, 12865.802483228848, 12963.604967101357, 12683.511541871412, 12768.219889283444, 13422.022498252527, 12987.118047655626, 13423.954040515495, 13392.252345686084, 13055.676101777583, 13417.541620283559, 14052.888595034952, 13890.502251074255, 14417.948173985995, 11556.100323154547, 13921.481433179597, 14949.228507911233, 15187.11824368378, 14304.580532933796, 13936.87926904382, 13071.49086942196, 10222.498368548957, 5792.648475939549], [24804.65236284693, 11191.864376089809, 11138.360713538104, 12291.810374331239, 12559.999262833582, 12649.214334431355, 12327.252077306475, 12453.598516738093, 13100.632399864722, 12670.850673466535, 13115.307355204366, 13065.871285237901, 12738.58516927853, 13096.471723317016, 13720.643787646959, 13544.50546957973, 14086.336637497896, 11286.884421134917, 13584.924269768677, 14593.261712917896, 14841.713500883185, 13936.87926904382, 13615.37436170613, 12760.772548908339, 9967.636910175164, 5661.862971590886], [23256.004801117677, 10490.87181595577, 10443.855721534777, 11519.495975558544, 11773.484876533981, 11856.271353751352, 11566.757598979737, 11674.401945795875, 12277.469198337687, 11879.061573251765, 12293.741066599512, 12249.673034927357, 11940.654000687891, 12272.882141380804, 12862.36500523049, 12701.47067238025, 13201.054243944563, 10578.712488271754, 12735.944325745631, 13681.959774001209, 13910.255202720102, 13071.49086942196, 12760.772548908339, 11968.408900429375, 9348.036438160061, 5305.6740951625225], [18175.347049348376, 8199.683460306442, 8166.1906042235105, 9006.879937202488, 9198.894580059829, 9267.920302083483, 9056.473609491006, 9128.265341286364, 9595.945374924439, 9287.724591752924, 9601.791534057122, 9574.150613954684, 9335.461794494015, 9593.419007232202, 10049.23979222698, 9933.25334167203, 10314.194305462343, 8266.323955209884, 9955.737224241928, 10691.286910729414, 10862.45453836794, 10222.498368548957, 9967.636910175164, 9348.036438160061, 7313.275403573613, 4141.457518859261], [10311.897780216574, 4653.463604308101, 4629.719739548306, 5110.272947827167, 5223.708087687896, 5258.79810815351, 5118.392617105086, 5178.8820815799145, 5448.729805439099, 5265.395856836054, 5454.104980721717, 5432.842496388537, 5295.782016607447, 5447.180887191198, 5706.408211237726, 5628.575254819893, 5858.487939395321, 4693.0579377064105, 5647.488398124106, 6068.199929170059, 6174.127599136402, 5792.648475939549, 5661.862971590886, 5305.6740951625225, 4141.457518859261, 2357.8896890091914]], "genie_ms": [[411934.3586065, 238317.61443099, 249003.96329516, 271998.05716081, 279552.3680911, 280866.8042689, 288618.81369957, 275856.82071629, 291174.82312311, 278431.98591792, 294276.48891011, 280949.76097584, 283939.13398639, 292655.09461182, 299223.4561252, 309845.04590078, 305647.64571852, 238111.08713094, 298545.91286597, 319133.04371116, 315579.2256713, 302886.00734031, 300660.01268143, 273409.25605723, 226255.45799989, 117418.43821905], [238317.61443099, 142806.82385287, 148923.43912249, 162470.6955737, 168327.33002967, 168426.14187095, 172299.57011888, 166293.66554479, 175383.94948256, 168625.97463984, 176602.58141567, 170168.08162001, 171064.09530063, 176914.97993657, 180855.88559735, 186285.79773033, 184269.61713971, 143283.37790084, 179320.8662179, 192715.71551665, 190311.09582747, 183632.48672374, 181182.31463228, 165764.40867947, 137350.54393386, 70976.83216311], [249003.96329516, 148923.43912249, 155892.34199282, 169603.73888691, 175719.53955686, 175897.93078, 179917.75211492, 173663.7420826, 183153.29410561, 175948.82382956, 184227.47030956, 177629.67333301, 178552.68347388, 184658.36944047, 188559.46343759, 194355.68062539, 192326.04775396, 149574.23304235, 187229.79791717, 201145.00229188, 198487.69498375, 191441.97367261, 188914.24267436, 172863.71304619, 143049.26735744, 73917.00177134], [271998.05716081, 162470.6955737, 169603.73888691, 185618.59205544, 191895.77493707, 192133.08311704, 196619.00872212, 189460.16728081, 199875.18660972, 192281.04784722, 201450.84685289, 194345.22445321, 195152.54322059, 201728.87094523, 206310.74090683, 212502.95107108, 210458.63553209, 163252.58788116, 204465.74695588, 219645.90972455, 217128.44458356, 209238.27446586, 207012.98945788, 188972.02889211, 156479.09405979, 80897.47670303], [279552.3680911, 168327.33002967, 175719.53955686, 191895.77493707, 199252.1045411, 199138.32490952, 203616.7262411, 196656.5753894, 207392.85588749, 199616.94074596, 208805.56417797, 201597.38624557, 202354.25657993, 209504.545536, 214004.81765475, 220298.17804116, 218261.1713538, 169373.30199635, 211975.07361805, 227983.32866827, 225219.97520285, 217351.03437924, 214437.93590293, 196201.85974291, 162527.35795014, 83867.99084872], [280866.8042689, 168426.14187095, 175897.93078, 192133.08311704, 199138.32490952, 199523.52003858, 203992.3517086, 196732.87468896, 207582.37904749, 199625.54351211, 208958.97602506, 201574.09269334, 202398.60464735, 209498.11122512, 214069.21065003, 220411.41787922, 218341.28321934, 169353.00602212, 212046.82754191, 228032.11627711, 225294.91095823, 217275.39219694, 214542.97319593, 196069.58704912, 162370.90515195, 83871.42268884], [288618.81369957, 172299.57011888, 179917.75211492, 196619.00872212, 203616.7262411, 203992.3517086, 208956.84474125, 201082.71492502, 212092.60064698, 203901.01372805, 213822.78321797, 205901.56350266, 206917.5231183, 214139.23057247, 218771.1100613, 225444.31786079, 223207.68107205, 173077.10213171, 216938.70812487, 233082.47937794, 230305.66996842, 221984.83686924, 219352.99353105, 200267.87272835, 165861.96551946, 85667.90833298], [275856.82071629, 166293.66554479, 173663.7420826, 189460.16728081, 196656.5753894, 196732.87468896, 201082.71492502, 194494.6663544, 205029.5839919, 197164.42021102, 206138.76782487, 199127.85206043, 199840.85115614, 206888.19615356, 211420.61786106, 217555.67655123, 215509.12166677, 167283.41680664, 209284.52604934, 225161.77005426, 222356.75940556, 214723.83068191, 211730.30228431, 193712.35193968, 160417.4799168, 82877.08677408], [291174.82312311, 175383.94948256, 183153.29410561, 199875.18660972, 207392.85588749, 207582.37904749, 212092.60064698, 205029.5839919, 216545.46409852, 208011.74708075, 217476.06041157, 210101.39490272, 210735.14247874, 218209.72596841, 223135.44020007, 229561.42571969, 227365.14045485, 176350.70491763, 220633.48149838, 237464.22871418, 234580.00367459, 226497.12775532, 223506.18218132, 204377.91889483, 169179.58272889, 87494.37908153], [278431.98591792, 168625.97463984, 175948.82382956, 192281.04784722, 199616.94074596, 199625.54351211, 203901.01372805, 197164.42021102, 208011.74708075, 200720.12704669, 209368.12597077, 202499.4929495, 203000.92958003, 210229.73969236, 214940.44381158, 220942.39755176, 218972.04884303, 169752.60666629, 212565.09189675, 228825.90321594, 226148.38339087, 218292.06182704, 215290.03713615, 197195.97224195, 163394.11622844, 84237.3717385], [294276.48891011, 176602.58141567, 184227.47030956, 201450.84685289, 208805.56417797, 208958.97602506, 213822.78321797, 206138.76782487, 217476.06041157, 209368.12597077, 219444.37436867, 211441.16367388, 212250.35012336, 219800.68823343, 224596.12452305, 231262.84763393, 228980.5695106, 177508.09496967, 222453.46520372, 239127.89922321, 236405.0856645, 227985.48668721, 225162.61693376, 205842.87294674, 170495.3569718, 87990.06931269], [280949.76097584, 170168.08162001, 177629.67333301, 194345.22445321, 201597.38624557, 201574.09269334, 205901.56350266, 199127.85206043, 210101.39490272, 202499.4929495, 211441.16367388, 205025.42541212, 205094.6520081, 212354.21829135, 217140.73670507, 223127.36925153, 221413.59993017, 171372.90866808, 214513.85333926, 231024.31959319, 228267.28160068, 220405.02327995, 217737.96449195, 199051.84318425, 164763.24716232, 85178.15201129], [283939.13398639, 171064.09530063, 178552.68347388, 195152.54322059, 202354.25657993, 202398.60464735, 206917.5231183, 199840.85115614, 210735.14247874, 203000.92958003, 212250.35012336, 205094.6520081, 206048.6786825, 213061.81714341, 217670.67129837, 223969.4036584, 222059.61572992, 172208.11697223, 215483.09879022, 231826.31913386, 229158.74023684, 220996.04893229, 218204.60223738, 199617.11787406, 165404.65887702, 85318.82898989], [292655.09461182, 176914.97993657, 184658.36944047, 201728.87094523, 209504.545536, 209498.11122512, 214139.23057247, 206888.19615356, 218209.72596841, 210229.73969236, 219800.68823343, 212354.21829135, 213061.81714341, 220856.34572179, 225377.10158161, 231840.21804787, 229887.63478735, 178125.89449685, 223007.16488915, 240118.40256866, 237166.86153741, 228962.62015332, 225790.71903142, 206746.01479133, 171211.45006275, 88273.52271569], [299223.4561252, 180855.88559735, 188559.46343759, 206310.74090683, 214004.81765475, 214069.21065003, 218771.1100613, 211420.61786106, 223135.44020007, 214940.44381158, 224596.12452305, 217140.73670507, 217670.67129837, 225377.10158161, 230699.96032689, 237096.66567418, 234857.66475169, 181965.32566937, 227836.97744317, 245197.66542675, 242479.9943753, 234097.0014807, 231131.31329287, 211369.66854442, 175153.15025079, 90435.49560885], [309845.04590078, 186285.79773033, 194355.68062539, 212502.95107108, 220298.17804116, 220411.41787922, 225444.31786079, 217555.67655123, 229561.42571969, 220942.39755176, 231262.84763393, 223127.36925153, 223969.4036584, 231840.21804787, 237096.66567418, 244146.61394319, 241621.64528019, 187295.99062586, 234676.6198193, 252255.311362, 249474.23565598, 240635.31366834, 237628.92738847, 217271.68208815, 180042.24750498, 92894.1113729], [305647.64571852, 184269.61713971, 192326.04775396, 210458.63553209, 218261.1713538, 218341.28321934, 223207.68107205, 215509.12166677, 227365.14045485, 218972.04884303, 228980.5695106, 221413.59993017, 222059.61572992, 229887.63478735, 234857.66475169, 241621.64528019, 239847.60984977, 185534.58885245, 232301.49924646, 250034.20953411, 247120.6570579, 238383.41429271, 235525.73856364, 215285.53281724, 178258.68708955, 91991.10329445], [238111.08713094, 143283.37790084, 149574.23304235, 163252.58788116, 169373.30199635, 169353.00602212, 173077.10213171, 167283.41680664, 176350.70491763, 169752.60666629, 177508.09496967, 171372.90866808, 172208.11697223, 178125.89449685, 181965.32566937, 187295.99062586, 185534.58885245, 144402.82497473, 180328.82206088, 193822.36156809, 191547.43390912, 184844.28953698, 182318.84106788, 166921.15424186, 138291.65816356, 71384.98527579], [298545.91286597, 179320.8662179, 187229.79791717, 204465.74695588, 211975.07361805, 212046.82754191, 216938.70812487, 209284.52604934, 220633.48149838, 212565.09189675, 222453.46520372, 214513.85333926, 215483.09879022, 223007.16488915, 227836.97744317, 234676.6198193, 232301.49924646, 180328.82206088, 226084.90770693, 242747.19761774, 239959.50571064, 231381.65954642, 228274.1211649, 208977.39835711, 173220.89451727, 89215.28016041], [319133.04371116, 192715.71551665, 201145.00229188, 219645.90972455, 227983.32866827, 228032.11627711, 233082.47937794, 225161.77005426, 237464.22871418, 228825.90321594, 239127.89922321, 231024.31959319, 231826.31913386, 240118.40256866, 245197.66542675, 252255.311362, 250034.20953411, 193822.36156809, 242747.19761774, 261582.83633638, 257987.38220344, 249048.73366019, 245571.19195206, 224931.59229825, 186297.48580807, 96073.62247809], [315579.2256713, 190311.09582747, 198487.69498375, 217128.44458356, 225219.97520285, 225294.91095823, 230305.66996842, 222356.75940556, 234580.00367459, 226148.38339087, 236405.0856645, 228267.28160068, 229158.74023684, 237166.86153741, 242479.9943753, 249474.23565598, 247120.6570579, 191547.43390912, 239959.50571064, 257987.38220344, 255420.89014526, 246215.62992082, 242988.11637071, 222361.1147716, 184416.86739142, 94979.24912052], [302886.00734031, 183632.48672374, 191441.97367261, 209238.27446586, 217351.03437924, 217275.39219694, 221984.83686924, 214723.83068191, 226497.12775532, 218292.06182704, 227985.48668721, 220405.02327995, 220996.04893229, 228962.62015332, 234097.0014807, 240635.31366834, 238383.41429271, 184844.28953698, 231381.65954642, 249048.73366019, 246215.62992082, 237910.51076029, 234413.16551069, 214689.89901429, 177975.04610292, 91760.09889965], [300660.01268143, 181182.31463228, 188914.24267436, 207012.98945788, 214437.93590293, 214542.97319593, 219352.99353105, 211730.30228431, 223506.18218132, 215290.03713615, 225162.61693376, 217737.96449195, 218204.60223738, 225790.71903142, 231131.31329287, 237628.92738847, 235525.73856364, 182318.84106788, 228274.1211649, 245571.19195206, 242988.11637071, 234413.16551069, 231983.23767331, 211728.05280148, 175347.49667099, 90660.25774962], [273409.25605723, 165764.40867947, 172863.71304619, 188972.02889211, 196201.85974291, 196069.58704912, 200267.87272835, 193712.35193968, 204377.91889483, 197195.97224195, 205842.87294674, 199051.84318425, 199617.11787406, 206746.01479133, 211369.66854442, 217271.68208815, 215285.53281724, 166921.15424186, 208977.39835711, 224931.59229825, 222361.1147716, 214689.89901429, 211728.05280148, 194124.41582852, 160830.39881667, 82844.6392955], [226255.45799989, 137350.54393386, 143049.26735744, 156479.09405979, 162527.35795014, 162370.90515195, 165861.96551946, 160417.4799168, 169179.58272889, 163394.11622844, 170495.3569718, 164763.24716232, 165404.65887702, 171211.45006275, 175153.15025079, 180042.24750498, 178258.68708955, 138291.65816356, 173220.89451727, 186297.48580807, 184416.86739142, 177975.04610292, 175347.49667099, 160830.39881667, 133640.05725554, 68637.14303654], [117418.43821905, 70976.83216311, 73917.00177134, 80897.47670303, 83867.99084872, 83871.42268884, 85667.90833298, 82877.08677408, 87494.37908153, 84237.3717385, 87990.06931269, 85178.15201129, 85318.82898989, 88273.52271569, 90435.49560885, 92894.1113729, 91991.10329445, 71384.98527579, 89215.28016041, 96073.62247809, 94979.24912052, 91760.09889965, 90660.25774962, 82844.6392955, 68637.14303654, 35609.65986348]], "genie_us": [[417844.66252265853, 146137.24183123975, 138264.86625636992, 134840.54061288876, 119479.8411981621, 129576.46214550817, 144751.71708586393, 114263.65297151248, 111821.45883431185, 111758.48823310966, 129435.80322422726, 89767.75773576183, 131594.60672484405, 102087.85690454968, 105310.36790934915, 122152.45474538564, 95401.07740838683, 103749.41118377521, 134358.40923721483, 122969.53507967126, 135902.80336531874, 108121.23748086039, 115968.68774888777, 102600.09693035328, 90637.97896615902, 52544.23542565384], [146137.24183123975, 51760.26852028676, 49287.55002375024, 48622.90521998792, 43332.803926509405, 46865.68136413558, 51757.67878810505, 41245.35344445347, 40620.083164535885, 40195.83801873425, 46798.58128102347, 33015.78912663645, 47498.71819807798, 37289.58032322157, 38376.72738616153, 44380.597341365894, 35243.9870757676, 37344.24479503435, 48089.30091135291, 44451.91733123499, 49081.81570986374, 39222.99067945375, 42058.84720852691, 37096.09596357605, 32645.57047872883, 18807.582308953348], [138264.86625636992, 49287.55002375024, 47767.796994757366, 46348.50019772777, 41960.31705584962, 45627.050774327305, 50104.71197347931, 39754.7789840866, 39709.622444160224, 39715.88733602237, 45859.5804088367, 32173.850301047994, 45853.03466538916, 36804.15025645135, 37380.75845539835, 42743.43767604496, 33720.18862613651, 36228.59901482649, 46642.880829754824, 43255.51659141174, 47356.52961972755, 38668.84414148723, 40627.36512724815, 36372.3197449783, 31096.52689010052, 18079.255705294432], [134840.54061288876, 48622.90521998792, 46348.50019772777, 47117.74141049941, 42000.66092568546, 45068.80151838535, 48954.822650857954, 39735.411169368155, 39218.17720768108, 37850.9149226352, 44754.00657942614, 32598.113463015237, 45731.0696817796, 36115.222825451, 37302.82436648901, 43263.2624875839, 35422.098862335755, 35667.00421013969, 45492.588059547175, 42637.78543591262, 47297.03536741408, 37585.49244428335, 40805.08359293461, 35452.912070271515, 31537.038341550582, 17899.38798515003], [119479.8411981621, 43332.803926509405, 41960.31705584962, 42000.66092568546, 38010.40813377191, 40962.30513019574, 44268.675916771026, 35668.71183124111, 35718.108987651205, 34954.53393745674, 40970.74065823276, 29580.199810410508, 41274.46614837932, 33246.841953408555, 33943.467475087746, 38905.62139231932, 31637.460459108144, 32329.0782716674, 41196.77370245478, 38787.942940514215, 42667.567780450474, 34572.12938313985, 36799.22859656579, 32417.923106893777, 28093.71663956007, 16084.091411135418], [129576.46214550817, 46865.68136413558, 45627.050774327305, 45068.80151838535, 40962.30513019574, 44329.29201055207, 48046.93228736366, 38528.7402005565, 38692.86343851406, 38189.684421426246, 44471.0491892874, 31826.186261937175, 44523.284275882615, 36050.95852242833, 36621.359465926114, 41826.56453643843, 33682.51854734533, 35007.685940331874, 44745.84629034281, 41975.90478946823, 46008.481675336036, 37586.44113653155, 39645.717484655914, 35226.814396273294, 30170.361815484746, 17388.560244790846], [144751.71708586393, 51757.67878810505, 50104.71197347931, 48954.822650857954, 44268.675916771026, 48046.93228736366, 52625.587097306314, 41921.92914804639, 41841.985246234704, 41628.066868964626, 48218.97895282228, 34057.13482804964, 48327.43114295391, 38771.27739820414, 39447.9816443757, 45168.732143452624, 35873.95900464122, 38115.960507777025, 48988.48441297392, 45536.39229726909, 49924.77311647725, 40658.04562920701, 42884.94703658087, 38238.08293329569, 32834.637376132865, 19021.065494032675], [114263.65297151248, 41245.35344445347, 39754.7789840866, 39735.411169368155, 35668.71183124111, 38528.7402005565, 41921.92914804639, 34129.677159281026, 33755.25578786173, 32726.682923091365, 38379.84739948371, 27879.53436019843, 38826.47814913347, 31039.72936539381, 31773.740682574895, 36718.92898097531, 29826.871707124556, 30491.70337013308, 39