{"ppfx": [[688787.45098447, 277564.36128021, 280334.80322636, 264667.54870782, 273925.64579453, 275276.60338143, 263515.8640177, 274044.9715691, 267379.24128246, 271728.99642616, 263098.17606059, 277597.03519043, 270985.71227657, 264504.25476306, 260637.17613105, 268084.75179122, 261783.01391633, 254768.01118108, 262879.96683436, 256557.3880822, 240944.34181939, 243857.25215268, 233698.94710861, 223259.29030825, 205761.59301307, 187611.5636204], [277564.36128021, 112423.48572453, 113224.24824589, 106854.35981505, 110523.69348046, 111047.49215789, 106463.15242376, 110753.06374049, 108091.18808868, 109789.03128514, 106248.55550721, 112153.12883581, 109380.71056386, 106819.65704734, 105330.67278524, 108200.19490798, 105742.05009914, 102878.54563021, 106170.19022505, 103657.62774893, 97459.47829944, 98550.61557644, 94067.22131914, 89991.97378363, 83110.78734501, 75746.98688712], [280334.80322636, 113224.24824589, 114963.66614621, 108012.60291911, 111867.3423427, 112149.70287506, 107756.56422367, 112074.86868285, 109469.37789931, 110702.72051914, 107485.83803001, 113171.59236923, 110594.1505169, 108165.32814592, 106701.24352265, 109519.11450089, 107125.30976868, 104085.29937057, 107672.6773444, 105119.84310734, 98617.03996812, 99742.3200583, 95038.21325604, 91236.87659853, 84136.53929922, 76724.47303434], [264667.54870782, 106854.35981505, 108012.60291911, 102217.14441251, 105627.09877072, 105869.5806462, 101597.26311471, 105665.19389545, 103212.4249596, 104948.42641592, 101385.30510524, 106828.85282895, 104442.2055567, 101945.00043461, 100552.44746797, 103341.1973317, 100934.57810828, 98280.04623967, 101404.35652101, 98927.78616667, 93095.9418003, 93974.19034103, 89861.45759439, 86045.40387186, 79361.77300566, 72374.47783634], [273925.64579453, 110523.69348046, 111867.3423427, 105627.09877072, 110093.73878197, 110101.62368988, 105233.84686915, 109076.60279075, 106546.1266383, 108650.80448033, 105146.12350668, 110516.15175957, 108051.07472902, 105360.66400069, 103449.70166127, 107082.99148257, 104221.66268517, 101635.42040228, 104576.89724671, 102194.87232349, 95951.62433143, 96980.49810868, 93946.71644691, 89277.81150994, 82208.21783806, 74839.18011274], [275276.60338143, 111047.49215789, 112149.70287506, 105869.5806462, 110101.62368988, 110910.08380044, 105421.83402882, 109407.10496771, 106679.64911878, 108955.44967542, 105366.61626606, 111119.88970682, 108407.38120883, 105679.90500363, 103562.05875914, 107274.98263467, 104409.05808822, 101815.1949257, 104670.45045695, 102324.03038928, 96004.6011273, 97291.60387576, 94344.19285868, 89454.86432393, 82346.19711069, 75014.2132262], [263515.8640177, 106463.15242376, 107756.56422367, 101597.26311471, 105233.84686915, 105421.83402882, 101405.0342518, 105227.03941694, 102842.88802914, 104349.15170892, 101055.7497177, 106331.79309039, 103957.56749136, 101500.12064684, 100110.29312301, 102942.42355374, 100570.67642849, 97837.73972958, 101032.60459873, 98633.46457556, 92704.03158421, 93580.39302151, 89548.98132924, 85760.62750503, 79070.17676594, 72070.61244574], [274044.9715691, 110753.06374049, 112074.86868285, 105665.19389545, 109076.60279075, 109407.10496771, 105227.03941694, 109881.46914227, 107179.95091649, 108335.34352478, 104972.95273642, 110679.63969561, 108191.2806132, 105809.86052379, 104653.47801666, 107069.28981578, 104791.11652557, 101851.70441889, 105373.85555364, 102782.3690581, 96694.35250521, 97678.21354796, 92388.91029931, 89015.20920345, 82200.1154538, 75035.89500964], [267379.24128246, 108091.18808868, 109469.37789931, 103212.4249596, 106546.1266383, 106679.64911878, 102842.88802914, 107179.95091649, 104935.82885171, 105856.46411342, 102565.75756927, 107992.63387167, 105719.71912229, 103340.39224667, 102298.2499972, 104556.33040081, 102428.67572411, 99568.78345618, 103073.52657882, 100490.6671531, 94620.71304147, 95392.136172, 90179.2349553, 87034.04783208, 80352.44680673, 73295.36477704], [271728.99642616, 109789.03128514, 110702.72051914, 104948.42641592, 108650.80448033, 108955.44967542, 104349.15170892, 108335.34352478, 105856.46411342, 108650.29586033, 104229.72063885, 109780.4742872, 107204.19134446, 104519.81415021, 102924.56660137, 106132.46785281, 103496.41271614, 100868.45606512, 103842.15043425, 101310.13197014, 95536.77722826, 96207.22676916, 92617.23662052, 88333.14290623, 81542.18027037, 74295.03101494], [263098.17606059, 106248.55550721, 107485.83803001, 101385.30510524, 105146.12350668, 105366.61626606, 101055.7497177, 104972.95273642, 102565.75756927, 104229.72063885, 101105.26008159, 106194.94414437, 103771.04385146, 101299.70754042, 99865.9940571, 102775.31682751, 100328.78147515, 97648.88737069, 100761.83851019, 98357.62708634, 92455.0926288, 93397.8844075, 89492.03371825, 85547.83095317, 78942.00553494, 71910.64835705], [277597.03519043, 112153.12883581, 113171.59236923, 106828.85282895, 110516.15175957, 111119.88970682, 106331.79309039, 110679.63969561, 107992.63387167, 109780.4742872, 106194.94414437, 112669.21197636, 109322.3593765, 106790.4291, 105297.47661586, 108127.3354503, 105697.77538936, 102783.6333209, 106132.42792062, 103531.37532996, 97286.24216768, 98498.64293116, 94105.20241111, 90029.09324839, 83091.13128293, 75710.35187272], [270985.71227657, 109380.71056386, 110594.1505169, 104442.2055567, 108051.07472902, 108407.38120883, 103957.56749136, 108191.2806132, 105719.71912229, 107204.19134446, 103771.04385146, 109322.3593765, 107162.44310358, 104433.37469623, 102987.12545966, 105760.71492943, 103376.90735687, 100645.19719648, 103848.95442388, 101340.64463015, 95333.7346741, 96301.80304084, 91987.29094148, 88130.23696008, 81206.06533521, 74068.37357379], [264504.25476306, 106819.65704734, 108165.32814592, 101945.00043461, 105360.66400069, 105679.90500363, 101500.12064684, 105809.86052379, 103340.39224667, 104519.81415021, 101299.70754042, 106790.4291, 104433.37469623, 102225.37208079, 100844.48716898, 103296.51152834, 101083.17534177, 98300.94619268, 101635.07881669, 99166.20513614, 93189.09409725, 94195.18316819, 89479.06905228, 85992.64706982, 79331.40115581, 72402.26822997], [260637.17613105, 105330.67278524, 106701.24352265, 100552.44746797, 103449.70166127, 103562.05875914, 100110.29312301, 104653.47801666, 102298.2499972, 102924.56660137, 99865.9940571, 105297.47661586, 102987.12545966, 100844.48716898, 100295.77934522, 101876.89931768, 100031.62809087, 97062.58356288, 100729.82765619, 98085.61896977, 92380.80063398, 93183.23630627, 87210.2889327, 84654.32024365, 78270.04269064, 71482.68014765], [268084.75179122, 108200.19490798, 109519.11450089, 103341.1973317, 107082.99148257, 107274.98263467, 102942.42355374, 107069.28981578, 104556.33040081, 106132.46785281, 102775.31682751, 108127.3354503, 105760.71492943, 103296.51152834, 101876.89931768, 104895.6614049, 102278.17978106, 99569.91273702, 102768.06008013, 100295.38123576, 94312.98387498, 95199.39813416, 91080.03155289, 87220.65493398, 80419.25466472, 73343.8011464], [261783.01391633, 105742.05009914, 107125.30976868, 100934.57810828, 104221.66268517, 104409.05808822, 100570.67642849, 104791.11652557, 102428.67572411, 103496.41271614, 100328.78147515, 105697.77538936, 103376.90735687, 101083.17534177, 100031.62809087, 102278.17978106, 100296.70236919, 97326.84413413, 100780.49006799, 98260.72156957, 92423.68353095, 93277.95003444, 88291.4327624, 85133.11035682, 78563.06310333, 71690.62486927], [254768.01118108, 102878.54563021, 104085.29937057, 98280.04623967, 101635.42040228, 101815.1949257, 97837.73972958, 101851.70441889, 99568.78345618, 100868.45606512, 97648.88737069, 102783.6333209, 100645.19719648, 98300.94619268, 97062.58356288, 99569.91273702, 97326.84413413, 94837.33745236, 97832.48047251, 95448.17990516, 89821.08038272, 90626.72601911, 86352.24954038, 82892.01908569, 76446.90762231, 69749.92155904], [262879.96683436, 106170.19022505, 107672.6773444, 101404.35652101, 104576.89724671, 104670.45045695, 101032.60459873, 105373.85555364, 103073.52657882, 103842.15043425, 100761.83851019, 106132.42792062, 103848.95442388, 101635.07881669, 100729.82765619, 102768.06008013, 100780.49006799, 97832.48047251, 101568.15004277, 98861.07401804, 93028.82585593, 93815.35510293, 88405.84676645, 85527.70828218, 78957.86504296, 72045.54114486], [256557.3880822, 103657.62774893, 105119.84310734, 98927.78616667, 102194.87232349, 102324.03038928, 98633.46457556, 102782.3690581, 100490.6671531, 101310.13197014, 98357.62708634, 103531.37532996, 101340.64463015, 99166.20513614, 98085.61896977, 100295.38123576, 98260.72156957, 95448.17990516, 98861.07401804, 96547.70298855, 90636.69731141, 91494.41837557, 86560.45800415, 83503.67851542, 77032.06017886, 70294.06518879], [240944.34181939, 97459.47829944, 98617.03996812, 93095.9418003, 95951.62433143, 96004.6011273, 92704.03158421, 96694.35250521, 94620.71304147, 95536.77722826, 92455.0926288, 97286.24216768, 95333.7346741, 93189.09409725, 92380.80063398, 94312.98387498, 92423.68353095, 89821.08038272, 93028.82585593, 90636.69731141, 85653.27042017, 86052.75873883, 81028.57015001, 78406.09397192, 72404.24083459, 66115.33869155], [243857.25215268, 98550.61557644, 99742.3200583, 93974.19034103, 96980.49810868, 97291.60387576, 93580.39302151, 97678.21354796, 95392.136172, 96207.22676916, 93397.8844075, 98498.64293116, 96301.80304084, 94195.18316819, 93183.23630627, 95199.39813416, 93277.95003444, 90626.72601911, 93815.35510293, 91494.41837557, 86052.75873883, 87107.37161441, 82137.15402192, 79183.01807607, 73113.19398795, 66748.45966124], [233698.94710861, 94067.22131914, 95038.21325604, 89861.45759439, 93946.71644691, 94344.19285868, 89548.98132924, 92388.91029931, 90179.2349553, 92617.23662052, 89492.03371825, 94105.20241111, 91987.29094148, 89479.06905228, 87210.2889327, 91080.03155289, 88291.4327624, 86352.24954038, 88405.84676645, 86560.45800415, 81028.57015001, 82137.15402192, 81344.28796665, 76247.55034275, 69889.66026603, 63597.76533723], [223259.29030825, 89991.97378363, 91236.87659853, 86045.40387186, 89277.81150994, 89454.86432393, 85760.62750503, 89015.20920345, 87034.04783208, 88333.14290623, 85547.83095317, 90029.09324839, 88130.23696008, 85992.64706982, 84654.32024365, 87220.65493398, 85133.11035682, 82892.01908569, 85527.70828218, 83503.67851542, 78406.09397192, 79183.01807607, 76247.55034275, 72997.54744745, 66976.15099664, 61067.8616721], [205761.59301307, 83110.78734501, 84136.53929922, 79361.77300566, 82208.21783806, 82346.19711069, 79070.17676594, 82200.1154538, 80352.44680673, 81542.18027037, 78942.00553494, 83091.13128293, 81206.06533521, 79331.40115581, 78270.04269064, 80419.25466472, 78563.06310333, 76446.90762231, 78957.86504296, 77032.06017886, 72404.24083459, 73113.19398795, 69889.66026603, 66976.15099664, 61889.45834337, 56330.44488766], [187611.5636204, 75746.98688712, 76724.47303434, 72374.47783634, 74839.18011274, 75014.2132262, 72070.61244574, 75035.89500964, 73295.36477704, 74295.03101494, 71910.64835705, 75710.35187272, 74068.37357379, 72402.26822997, 71482.68014765, 73343.8011464, 71690.62486927, 69749.92155904, 72045.54114486, 70294.06518879, 66115.33869155, 66748.45966124, 63597.76533723, 61067.8616721, 56330.44488766, 51473.94145592]], "beamline": [[240133.7743099761, 55033.44895774901, 51340.098215786915, 50589.982237142656, 52667.38522121148, 51309.06904283261, 50714.93201001688, 50952.68244682457, 51211.46479364405, 50768.82299001423, 50262.43807613423, 50449.594911205335, 50929.79361488551, 49545.77318228755, 50006.87569968883, 49364.65414184643, 48658.41796302573, 47999.27625232739, 47245.82377403482, 46696.1706267241, 44284.33015888837, 42723.28231305278, 40678.683806292334, 40607.207453161085, 36149.44785743634, 34280.48014210719], [55033.44895774901, 12660.86955736287, 11800.428116080438, 11622.406146832165, 12113.585116240007, 11798.758253712585, 11662.187867856954, 11716.696051409155, 11776.852726299072, 11667.733670185846, 11552.281708516062, 11592.986399018655, 11701.820285708489, 11388.535549981461, 11492.068069566894, 11342.786834058297, 11178.168167794924, 11032.733806222626, 10864.67067963975, 10733.956940303467, 10178.135169090845, 9825.26644411633, 9357.753842028167, 9332.399194621375, 8312.997583065644, 7889.660662382714], [51340.098215786915, 11800.428116080438, 11009.715684255576, 10839.284738320759, 11293.864873468747, 10997.59824844688, 10870.21677881669, 10923.073500718065, 10977.764566346148, 10879.517318348704, 10773.106154812027, 10808.107445575655, 10909.252015889515, 10614.16579552625, 10714.614161230544, 10575.193346893697, 10422.811593735436, 10288.944940789497, 10130.170682444379, 10005.831326146377, 9490.947321707985, 9157.776296597744, 8726.683762376397, 8693.9335028776, 7748.222091863155, 7353.769802629829], [50589.982237142656, 11622.406146832165, 10839.284738320759, 10679.9115797825, 11121.87223266701, 10834.022651414523, 10709.51876535306, 10757.65069090179, 10810.808348160617, 10718.283566246515, 10611.183265551092, 10645.69225983256, 10747.677432734466, 10454.353988681114, 10553.18710780358, 10418.313656983548, 10263.974725882492, 10133.359899707128, 9975.208918464861, 9854.852038186298, 9348.005263458, 9019.873096583464, 8591.271517808418, 8565.459953904194, 7630.11257758628, 7243.503448695742], [52667.38522121148, 12113.585116240007, 11293.864873468747, 11121.87223266701, 11601.583342596507, 11294.750791952536, 11160.428527262076, 11211.575121584403, 11271.48897718938, 11165.253986217418, 11056.323956721642, 11095.358826421041, 11201.920452556978, 10898.240917355315, 11001.436337380754, 10854.468562261087, 10696.001008697978, 10560.7337113397, 10399.145816217615, 10273.318309379323, 9742.350268493532, 9400.707333935829, 8955.46608927133, 8929.864750674275, 7951.90760536411, 7550.375777617746], [51309.06904283261, 11798.758253712585, 10997.59824844688, 10834.022651414523, 11294.750791952536, 11012.30358372002, 10877.625983498852, 10923.435471771772, 10980.492619135157, 10877.145332321055, 10765.171789170354, 10806.295515712993, 10911.024960033765, 10617.373189565971, 10714.605309237842, 10574.19030868381, 10421.829017787564, 10284.689737038461, 10129.491403764692, 10006.770490240597, 9483.57175039351, 9162.420118657883, 8718.822763593587, 8700.58215394058, 7747.322952019602, 7357.823385000822], [50714.93201001688, 11662.187867856954, 10870.21677881669, 10709.51876535306, 11160.428527262076, 10877.625983498852, 10751.102195398369, 10794.89326968429, 10850.514538755639, 10752.43236573661, 10641.149478769657, 10680.811760684059, 10783.719289327244, 10492.641690379394, 10589.042487993494, 10451.399374701137, 10299.37505795536, 10163.291848959545, 10009.530767325277, 9888.707115995361, 9375.234375439319, 9053.374889191846, 8616.288049447065, 8598.89092762947, 7658.753087662199, 7273.590838251636], [50952.68244682457, 11716.696051409155, 10923.073500718065, 10757.65069090179, 11211.575121584403, 10923.435471771772, 10794.89326968429, 10850.19354469045, 10901.153234340029, 10797.161552991813, 10690.294737071754, 10732.824632561787, 10832.426085406149, 10543.28420884543, 10639.077468364656, 10498.233848838805, 10352.519890726255, 10212.916536401917, 10056.735736477624, 9937.6507051267, 9420.13730493702, 9095.937938869713, 8660.3376245734, 8639.354570897855, 7696.595912463467, 7303.922137689208], [51211.46479364405, 11776.852726299072, 10977.764566346148, 10810.808348160617, 11271.48897718938, 10980.492619135157, 10850.514538755639, 10901.153234340029, 10962.186691712794, 10853.893012932876, 10743.75728162684, 10787.852672015078, 10888.731357726265, 10599.268064240016, 10694.68598628938, 10551.88161394256, 10404.560518823548, 10266.46857809321, 10110.88280833624, 9989.34193317974, 9466.777479395536, 9142.284898781341, 8702.862825273933, 8685.052859611122, 7736.326232122762, 7342.001831968708], [50768.82299001423, 11667.733670185846, 10879.517318348704, 10718.283566246515, 11165.253986217418, 10877.145332321055, 10752.43236573661, 10797.161552991813, 10853.893012932876, 10761.76832054614, 10652.351353701786, 10686.094158281312, 10788.84138702715, 10495.657554301019, 10592.659213144665, 10458.327314598504, 10302.431892555855, 10170.705181429572, 10014.12175265438, 9892.266104695409, 9383.335861420856, 9055.979403177456, 8628.509375536616, 8598.342265691872, 7660.24441197113, 7272.280078936082], [50262.43807613423, 11552.281708516062, 10773.106154812027, 10611.183265551092, 11056.323956721642, 10765.171789170354, 10641.149478769657, 10690.294737071754, 10743.75728162684, 10652.351353701786, 10549.951525235909, 10579.67128563992, 10680.68029042549, 10390.094100331002, 10486.87340856514, 10355.133158427727, 10198.815802602845, 10070.163603606576, 9914.285003190984, 9794.741292711275, 9293.431452153827, 8964.878949479305, 8546.133358376537, 8510.921664382282, 7582.206019125422, 7196.019642276369], [50449.594911205335, 11592.986399018655, 10808.107445575655, 10645.69225983256, 11095.358826421041, 10806.295515712993, 10680.811760684059, 10732.824632561787, 10787.852672015078, 10686.094158281312, 10579.67128563992, 10622.807994205918, 10721.909356603233, 10434.65763029053, 10529.844890018845, 10389.724003227699, 10244.451078067077, 10106.259400647024, 9951.854177794798, 9834.672457883924, 9323.62561245846, 8999.002024500869, 8568.572970405088, 8551.457932076308, 7615.994644630505, 7225.8887933665], [50929.79361488551, 11701.820285708489, 10909.252015889515, 10747.677432734466, 11201.920452556978, 10911.024960033765, 10783.719289327244, 10832.426085406149, 10888.731357726265, 10788.84138702715, 10680.68029042549, 10721.909356603233, 10825.331286496043, 10532.575821133236, 10629.881635234593, 10488.16206534334, 10337.742557327914, 10202.397900182903, 10045.615308794728, 9926.09550287418, 9411.370414234143, 9082.854664986686, 8647.827696560566, 8631.924960201408, 7685.767747633409, 7294.7203953928965], [49545.77318228755, 11388.535549981461, 10614.16579552625, 10454.353988681114, 10898.240917355315, 10617.373189565971, 10492.641690379394, 10543.28420884543, 10599.268064240016, 10495.657554301019, 10390.094100331002, 10434.65763029053, 10532.575821133236, 10255.103131385356, 10344.369231843826, 10204.782514889781, 10063.951562349277, 9927.306912004766, 9777.77085791376, 9662.479997647273, 9155.745544914964, 8839.914104083138, 8414.948264927687, 8403.813210128063, 7483.840228429304, 7099.574817322235], [50006.87569968883, 11492.068069566894, 10714.614161230544, 10553.18710780358, 11001.436337380754, 10714.605309237842, 10589.042487993494, 10639.077468364656, 10694.68598628938, 10592.659213144665, 10486.87340856514, 10529.844890018845, 10629.881635234593, 10344.369231843826, 10441.734889897529, 10298.157470606544, 10153.765332749417, 10019.208112184368, 9866.80113157512, 9749.439818488718, 9241.788211822892, 8918.15557823591, 8491.660960566627, 8476.59870084918, 7548.769184844673, 7162.770009885673], [49364.65414184643, 11342.786834058297, 10575.193346893697, 10418.313656983548, 10854.468562261087, 10574.19030868381, 10451.399374701137, 10498.233848838805, 10551.88161394256, 10458.327314598504, 10355.133158427727, 10389.724003227699, 10488.16206534334, 10204.782514889781, 10298.157470606544, 10170.273083480932, 10018.068360240293, 9885.950578296863, 9735.530336701177, 9619.53258059813, 9123.614060705353, 8805.092759156187, 8385.991797296923, 8360.25216096266, 7447.796990530988, 7067.800583879619], [48658.41796302573, 11178.168167794924, 10422.811593735436, 10263.974725882492, 10696.001008697978, 10421.829017787564, 10299.37505795536, 10352.519890726255, 10404.560518823548, 10302.431892555855, 10198.815802602845, 10244.451078067077, 10337.742557327914, 10063.951562349277, 10153.765332749417, 10018.068360240293, 9886.065319929468, 9745.332522690554, 9596.84011828021, 9486.429127646992, 8988.708728178312, 8680.23592041211, 8260.321143986446, 8247.564579572874, 7348.276543657877, 6969.1398362315995], [47999.27625232739, 11032.733806222626, 10288.944940789497, 10133.359899707128, 10560.7337113397, 10284.689737038461, 10163.291848959545, 10212.916536401917, 10266.46857809321, 10170.705181429572, 10070.163603606576, 10106.259400647024, 10202.397900182903, 9927.306912004766, 10019.208112184368, 9885.950578296863, 9745.332522690554, 9622.404026553802, 9472.045835510155, 9357.085806736231, 8871.072423082403, 8562.805573437514, 8156.783085428663, 8133.14095284008, 7245.0342126298965, 6876.739377002052], [47245.82377403482, 10864.67067963975, 10130.170682444379, 9975.208918464861, 10399.145816217615, 10129.491403764692, 10009.530767325277, 10056.735736477624, 10110.88280833624, 10014.12175265438, 9914.285003190984, 9951.854177794798, 10045.615308794728, 9777.77085791376, 9866.80113157512, 9735.530336701177, 9596.84011828021, 9472.045835510155, 9329.646098990539, 9215.57476156045, 8734.864549864871, 8432.880211680125, 8031.319512594238, 8010.12216703754, 7136.816665158232, 6772.943982817818], [46696.1706267241, 10733.956940303467, 10005.831326146377, 9854.852038186298, 10273.318309379323, 10006.770490240597, 9888.707115995361, 9937.6507051267, 9989.34193317974, 9892.266104695409, 9794.741292711275, 9834.672457883924, 9926.09550287418, 9662.479997647273, 9749.439818488718, 9619.53258059813, 9486.429127646992, 9357.085806736231, 9215.57476156045, 9108.70161725281, 8631.90903910501, 8332.226936423367, 7932.621909644822, 7917.099461199219, 7053.013863410912, 6690.57471906362], [44284.33015888837, 10178.135169090845, 9490.947321707985, 9348.005263458, 9742.350268493532, 9483.57175039351, 9375.234375439319, 9420.13730493702, 9466.777479395536, 9383.335861420856, 9293.431452153827, 9323.62561245846, 9411.370414234143, 9155.745544914964, 9241.788211822892, 9123.614060705353, 8988.708728178312, 8871.072423082403, 8734.864549864871, 8631.90903910501, 8190.931342951422, 7897.992911639244, 7527.158339914283, 7500.617851111115, 6682.6850686053895, 6340.549879231999], [42723.28231305278, 9825.26644411633, 9157.776296597744, 9019.873096583464, 9400.707333935829, 9162.420118657883, 9053.374889191846, 9095.937938869713, 9142.284898781341, 9055.979403177456, 8964.878949479305, 8999.002024500869, 9082.854664986686, 8839.914104083138, 8918.15557823591, 8805.092759156187, 8680.23592041211, 8562.805573437514, 8432.880211680125, 8332.226936423367, 7897.992911639244, 7631.419537278981, 7263.18277003369, 7244.9234685813435, 6453.157010203455, 6125.023607151473], [40678.683806292334, 9357.753842028167, 8726.683762376397, 8591.271517808418, 8955.46608927133, 8718.822763593587, 8616.288049447065, 8660.3376245734, 8702.862825273933, 8628.509375536616, 8546.133358376537, 8568.572970405088, 8647.827696560566, 8414.948264927687, 8491.660960566627, 8385.991797296923, 8260.321143986446, 8156.783085428663, 8031.319512594238, 7932.621909644822, 7527.158339914283, 7263.18277003369, 6939.131229547649, 6887.4137003687465, 6141.855366017439, 5825.4506334375965], [40607.207453161085, 9332.399194621375, 8693.9335028776, 8565.459953904194, 8929.864750674275, 8700.58215394058, 8598.89092762947, 8639.354570897855, 8685.052859611122, 8598.342265691872, 8510.921664382282, 8551.457932076308, 8631.924960201408, 8403.813210128063, 8476.59870084918, 8360.25216096266, 8247.564579572874, 8133.14095284008, 8010.12216703754, 7917.099461199219, 7500.617851111115, 7244.9234685813435, 6887.4137003687465, 6895.18684582267, 6132.9816668697085, 5819.579454087575], [36149.44785743634, 8312.997583065644, 7748.222091863155, 7630.11257758628, 7951.90760536411, 7747.322952019602, 7658.753087662199, 7696.595912463467, 7736.326232122762, 7660.24441197113, 7582.206019125422, 7615.994644630505, 7685.767747633409, 7483.840228429304, 7548.769184844673, 7447.796990530988, 7348.276543657877, 7245.0342126298965, 7136.816665158232, 7053.013863410912, 6682.6850686053895, 6453.157010203455, 6141.855366017439, 6132.9816668697085, 5467.120107892165, 5185.097379061582], [34280.48014210719, 7889.660662382714, 7353.769802629829, 7243.503448695742, 7550.375777617746, 7357.823385000822, 7273.590838251636, 7303.922137689208, 7342.001831968708, 7272.280078936082, 7196.019642276369, 7225.8887933665, 7294.7203953928965, 7099.574817322235, 7162.770009885673, 7067.800583879619, 6969.1398362315995, 6876.739377002052, 6772.943982817818, 6690.57471906362, 6340.549879231999, 6125.023607151473, 5825.4506334375965, 5819.579454087575, 5185.097379061582, 4927.263415143209]], "genie_ms": [[1999791.01278404, 587607.28197191, 558732.56098071, 564308.41598035, 583588.9257469, 571826.23153332, 576930.10309455, 574587.39827162, 586930.56761979, 579047.56307025, 575101.46311213, 579954.98294633, 578149.30354032, 559294.09554438, 569066.32376408, 565424.59413922, 551211.79737635, 549656.7993687, 537903.88351168, 534431.36785048, 511533.01957959, 518705.37359943, 471905.64853808, 447963.28509836, 423695.17488283, 388924.34821757], [587607.28197191, 201696.36552701, 193694.75903774, 193965.84607423, 200054.44964867, 195914.57894529, 196689.92917619, 198092.18352583, 199754.244784, 199683.77554342, 197479.62464168, 197252.9666426, 199808.69828088, 191360.13284953, 196053.38524567, 195541.08574284, 190447.51131835, 189407.47178942, 186127.34385986, 183389.9845557, 176324.17308217, 176991.16122206, 166400.9388783, 158066.43999436, 147505.89857946, 139732.39911514], [558732.56098071, 193694.75903774, 187017.49003684, 186984.16940312, 192586.95607254, 189008.39600471, 189519.2657639, 190948.54045665, 192785.28593531, 192705.32781841, 190452.41898722, 189983.06162874, 193263.56443085, 184322.23717063, 189298.00798668, 188901.30824332, 183597.37762381, 182943.33965067, 179654.94700302, 176584.3997453, 170128.27619354, 170609.14756075, 160537.24074703, 152762.58437459, 142246.17584559, 135571.55788704], [564308.41598035, 193965.84607423, 186984.16940312, 187474.31336186, 192745.45998675, 189193.21416113, 189734.98806964, 191092.3837166, 192968.72999062, 192883.5409063, 190581.31048805, 190236.51645302, 193412.78561859, 184534.1134366, 189456.53479714, 189018.78541552, 183794.2140837, 182928.70697596, 179785.03407073, 176823.99060868, 170286.74029829, 170807.545479, 160431.54785948, 152738.56704773, 142300.06559545, 135001.08029285], [583588.9257469, 200054.44964867, 192586.95607254, 192745.45998675, 198976.22097992, 194963.02633397, 195556.50328592, 196861.46355338, 198813.60695915, 198504.55227361, 196310.72009693, 196014.59548992, 198807.41753125, 190176.45535139, 194978.18403132, 194480.86164395, 189295.47575522, 188503.91840118, 185138.63246702, 182250.88599776, 175433.51535337, 175951.93690542, 165327.43199289, 157146.766014, 146506.19089608, 139120.86332812], [571826.23153332, 195914.57894529, 189008.39600471, 189193.21416113, 194963.02633397, 191674.64235433, 191883.12370646, 193202.71950832, 195367.73317023, 195025.74686959, 192779.75061709, 192307.45302286, 195547.49542691, 186581.00646772, 191406.278836, 191157.95526836, 185814.59621862, 185187.04633005, 181800.70431148, 178753.7841072, 172198.43757891, 172759.31786421, 162188.59854161, 154301.33271761, 143777.59945201, 136694.25985631], [576930.10309455, 196689.92917619, 189519.2657639, 189734.98806964, 195556.50328592, 191883.12370646, 192759.8248055, 193804.85198092, 195797.21120155, 195469.94373008, 193442.6926381, 193126.57883967, 195966.28819044, 187349.45293341, 192056.52652522, 191669.46802913, 186389.19782244, 185691.5277366, 182241.42656178, 179360.23658167, 172734.06486523, 173383.67975071, 162739.90564577, 154710.317589, 144396.31321626, 136994.65412072], [574587.39827162, 198092.18352583, 190948.54045665, 191092.3837166, 196861.46355338, 193202.71950832, 193804.85198092, 195312.15199766, 197052.42413542, 196923.8968727, 194708.73311017, 194239.55265658, 197453.22994707, 188467.47923466, 193342.15194118, 193026.03831005, 187680.89942049, 186941.31236182, 183550.11074324, 180500.66451208, 173855.46557045, 174436.06800928, 164033.7717153, 156033.2216401, 145408.91333577, 138363.88232038], [586930.56761979, 199754.244784, 192785.28593531, 192968.72999062, 198813.60695915, 195367.73317023, 195797.21120155, 197052.42413542, 199768.46561497, 199087.54640459, 196552.82282468, 196152.00405607, 199712.66866512, 190424.10434067, 195394.4126652, 195141.50036022, 189472.80443746, 188982.75492274, 185500.55509061, 182296.81733275, 175549.98224702, 176360.51156097, 165268.67365092, 157417.00684569, 146629.29381631, 139430.02539508], [579047.56307025, 199683.77554342, 192705.32781841, 192883.5409063, 198504.55227361, 195025.74686959, 195469.94373008, 196923.8968727, 199087.54640459, 199036.03531195, 196389.98209041, 195899.75229876, 199570.19735936, 190215.45865971, 195201.24965534, 195021.46355757, 189478.30844342, 188701.19806436, 185353.49151071, 182106.44499911, 175458.64418012, 176033.81217548, 165464.57301094, 157552.39321778, 146653.45357496, 139600.59404401], [575101.46311213, 197479.62464168, 190452.41898722, 190581.31048805, 196310.72009693, 192779.75061709, 193442.6926381, 194708.73311017, 196552.82282468, 196389.98209041, 194481.61432006, 193953.31400804, 196901.67628135, 188062.25740027, 192886.69624367, 192622.76674117, 187229.24188962, 186554.92492488, 183059.01792548, 180085.79460852, 173536.78461641, 174093.01775841, 163582.27439642, 155508.22617735, 145075.92303665, 137948.1697819], [579954.98294633, 197252.9666426, 189983.06162874, 190236.51645302, 196014.59548992, 192307.45302286, 193126.57883967, 194239.55265658, 196152.00405607, 195899.75229876, 193953.31400804, 193917.32295072, 196404.40757495, 187754.3779334, 192551.82707215, 192119.04691654, 186847.35783898, 185980.39751467, 182549.71020758, 179827.85249729, 173144.18049773, 173806.25496666, 163020.42881068, 154981.21753029, 144566.62393213, 137288.19832331], [578149.30354032, 199808.69828088, 193263.56443085, 193412.78561859, 198807.41753125, 195547.49542691, 195966.28819044, 197453.22994707, 199712.66866512, 199570.19735936, 196901.67628135, 196404.40757495, 200601.52512898, 190600.98462551, 195916.81464306, 195743.98492649, 189972.96804488, 189314.19291502, 185902.98276816, 182455.957959, 175945.83681221, 176542.23487648, 165865.29233633, 158175.29024145, 147059.35904202, 140341.42581758], [559294.09554438, 191360.13284953, 184322.23717063, 184534.1134366, 190176.45535139, 186581.00646772, 187349.45293341, 188467.47923466, 190424.10434067, 190215.45865971, 188062.25740027, 187754.3779334, 190600.98462551, 182397.24266976, 186775.82439731, 186485.85376883, 181356.5449857, 180531.65079107, 177304.42466766, 174485.74291937, 168010.388615, 168553.41149119, 158396.14103911, 150559.61078048, 140374.11060597, 133314.55521857], [569066.32376408, 196053.38524567, 189298.00798668, 189456.53479714, 194978.18403132, 191406.278836, 192056.52652522, 193342.15194118, 195394.4126652, 195201.24965534, 192886.69624367, 192551.82707215, 195916.81464306, 186775.82439731, 192041.47112662, 191462.9508964, 185963.71915183, 185370.00792126, 181972.58938914, 178949.91551874, 172397.44736584, 172930.28878579, 162446.07301206, 154772.93903803, 144062.75289134, 137112.32622502], [565424.59413922, 195541.08574284, 188901.30824332, 189018.78541552, 194480.86164395, 191157.95526836, 191669.46802913, 193026.03831005, 195141.50036022, 195021.46355757, 192622.76674117, 192119.04691654, 195743.98492649, 186485.85376883, 191462.9508964, 191438.4710289, 185812.69238552, 185113.15531573, 181733.1010581, 178572.65952646, 172096.2712684, 172632.18864178, 162333.89662993, 154572.29637851, 143843.48409662, 137092.30913156], [551211.79737635, 190447.51131835, 183597.37762381, 183794.2140837, 189295.47575522, 185814.59621862, 186389.19782244, 187680.89942049, 189472.80443746, 189478.30844342, 187229.24188962, 186847.35783898, 189972.96804488, 181356.5449857, 185963.71915183, 185812.69238552, 180839.07562401, 179789.00591331, 176622.19641984, 173694.1554324, 167385.47703311, 167765.72819139, 157858.12983972, 150134.96537827, 139794.21029807, 132920.81917084], [549656.7993687, 189407.47178942, 182943.33965067, 182928.70697596, 188503.91840118, 185187.04633005, 185691.5277366, 186941.31236182, 188982.75492274, 188701.19806436, 186554.92492488, 185980.39751467, 189314.19291502, 180531.65079107, 185370.00792126, 185113.15531573, 179789.00591331, 179552.62553433, 175981.52302865, 172969.6999325, 166679.5137258, 167190.66711095, 157087.7934089, 149543.07853687, 139385.05989694, 132606.66902244], [537903.88351168, 186127.34385986, 179654.94700302, 179785.03407073, 185138.63246702, 181800.70431148, 182241.42656178, 183550.11074324, 185500.55509061, 185353.49151071, 183059.01792548, 182549.71020758, 185902.98276816, 177304.42466766, 181972.58938914, 181733.1010581, 176622.19641984, 175981.52302865, 172976.68134723, 169859.80118462, 163625.28494093, 164105.53815658, 154378.1149219, 146905.97090145, 136792.75987923, 130078.34556969], [534431.36785048, 183389.9845557, 176584.3997453, 176823.99060868, 182250.88599776, 178753.7841072, 179360.23658167, 180500.66451208, 182296.81733275, 182106.44499911, 180085.79460852, 179827.85249729, 182455.957959, 174485.74291937, 178949.91551874, 178572.65952646, 173694.1554324, 172969.6999325, 169859.80118462, 167342.87096177, 160940.24927615, 161452.32236364, 151676.27773573, 144254.4152118, 134498.09117138, 127440.55041421], [511533.01957959, 176324.17308217, 170128.27619354, 170286.74029829, 175433.51535337, 172198.43757891, 172734.06486523, 173855.46557045, 175549.98224702, 175458.64418012, 173536.78461641, 173144.18049773, 175945.83681221, 168010.388615, 172397.44736584, 172096.2712684, 167385.47703311, 166679.5137258, 163625.28494093, 160940.24927615, 155248.84109381, 155422.87777889, 146167.25994277, 139013.29595809, 129510.22121296, 123143.53909914], [518705.37359943, 176991.16122206, 170609.14756075, 170807.545479, 175951.93690542, 172759.31786421, 173383.67975071, 174436.06800928, 176360.51156097, 176033.81217548, 174093.01775841, 173806.25496666, 176542.23487648, 168553.41149119, 172930.28878579, 172632.18864178, 167765.72819139, 167190.66711095, 164105.53815658, 161452.32236364, 155422.87777889, 156167.66656449, 146439.58767061, 139346.6886004, 129957.40777288, 123328.8806844], [471905.64853808, 166400.9388783, 160537.24074703, 160431.54785948, 165327.43199289, 162188.59854161, 162739.90564577, 164033.7717153, 165268.67365092, 165464.57301094, 163582.27439642, 163020.42881068, 165865.29233633, 158396.14103911, 162446.07301206, 162333.89662993, 157858.12983972, 157087.7934089, 154378.1149219, 151676.27773573, 146167.25994277, 146439.58767061, 138497.23427077, 131492.41736372, 122413.87028886, 116880.8575842], [447963.28509836, 158066.43999436, 152762.58437459, 152738.56704773, 157146.766014, 154301.33271761, 154710.317589, 156033.2216401, 157417.00684569, 157552.39321778, 155508.22617735, 154981.21753029, 158175.29024145, 150559.61078048, 154772.93903803, 154572.29637851, 150134.96537827, 149543.07853687, 146905.97090145, 144254.4152118, 139013.29595809, 139346.6886004, 131492.41736372, 125428.97355598, 116443.3149609, 111330.32502859], [423695.17488283, 147505.89857946, 142246.17584559, 142300.06559545, 146506.19089608, 143777.59945201, 144396.31321626, 145408.91333577, 146629.29381631, 146653.45357496, 145075.92303665, 144566.62393213, 147059.35904202, 140374.11060597, 144062.75289134, 143843.48409662, 139794.21029807, 139385.05989694, 136792.75987923, 134498.09117138, 129510.22121296, 129957.40777288, 122413.87028886, 116443.3149609, 108784.96514762, 103163.81035243], [388924.34821757, 139732.39911514, 135571.55788704, 135001.08029285, 139120.86332812, 136694.25985631, 136994.65412072, 138363.88232038, 139430.02539508, 139600.59404401, 137948.1697819, 137288.19832331, 140341.42581758, 133314.55521857, 137112.32622502, 137092.30913156, 132920.81917084, 132606.66902244, 130078.34556969, 127440.55041421, 123143.53909914, 123328.8806844, 116880.8575842, 111330.32502859, 103163.81035243, 100164.7178275]], "genie_us": [[3441118.7397493334, 328260.8113125403, 264726.289706077, 238444.2220191613, 311159.28133041726, 270613.99491643236, 290126.9627992269, 309948.3827698461, 388831.35970344354, 258190.27857724516, 235747.28132031782, 291945.697047505, 250482.1834253693, 249341.76631205293, 224294.97725049176, 216789.50534524492, 210358.8977189711, 233203.4893239228, 227172.703325624, 226261.43897749696, 199894.30680359915, 263427.0370394829, 155939.42200011577, 167889.6176465406, 187540.15123012458, 155181.09839314717], [328260.8113125403, 36502.043973570115, 30179.29383078766, 27583.913703579216, 34662.98094963661, 30200.911816284406, 32725.07877072732, 34618.91921320591, 41643.24911944201, 29765.142274413825, 27062.75844640859, 31192.4978671734, 27683.568881937146, 28246.358206513698, 26447.75549072194, 25682.010595274645, 24709.790991070353, 26637.484061423387, 26446.72163326262, 25508.635620636855, 23632.68887184256, 29261.24414484456, 19148.693265142156, 20070.246714030924, 21407.791660279272, 16826.127480965697], [264726.289706077, 30179.29383078766, 25847.386984106877, 23268.53060336179, 28796.22994201675, 25404.588750708655, 27154.736088723967, 28325.824315848608, 33824.435270613576, 25355.19647117395, 23457.607341652, 26363.16293162935, 23714.577251802453, 23989.778251429943, 22442.91899906434, 22009.06380719065, 21352.23989640969, 22709.31718107232, 21639.519073113646, 21753.020021131033, 19964.700085568173, 24369.54260793286, 15704.838540213506, 16835.550693975558, 17511.985170287346, 13901.962199760534], [238444.2220191613, 27583.913703579216, 23268.53060336179, 21249.7496311707, 26362.924566611633, 23083.258962511052, 24854.63349296403, 26127.792248157028, 31049.58233757331, 22989.443012759184, 21074.750366164368, 23698.020228582183, 21285.493986376165, 21755.28536679629, 20466.81392622168, 20059.43242172402, 19227.164656931476, 20533.304901013977, 20094.115139145015, 19644.935455462917, 18324.128364254193, 22235.1943383377, 14726.243512793973, 15511.249012864268, 16342.986052414582, 12821.67481506963], [311159.28133041726, 34662.98094963661, 28796.22994201675, 26362.924566611633, 33085.25295806246, 28840.084961104116, 31125.351145355427, 32935.20905378355, 39512.34080971361, 28451.10210460282, 25948.522331960048, 29785.801617235447, 26476.949449014824, 27027.596955149467, 25265.255216398156, 24681.570906219815, 23608.24052264871, 25440.077422978047, 25145.88758828341, 24388.508279761918, 22650.54359458025, 27888.299123701512, 18270.965207366164, 19179.585013076627, 20536.532072110258, 16207.931860590877], [270613.99491643236, 30200.911816284406, 25404.588750708655, 23083.258962511052, 28840.084961104116, 25274.265731057836, 27135.045175641604, 28549.561299353976, 34245.74189335285, 25017.674946812895, 22979.965536223328, 26223.613764649534, 23391.366623881637, 23752.938405169494, 22162.81638085754, 21691.130116735712, 20878.51974296796, 22399.783726556005, 21763.714645906693, 21484.55095887588, 19812.768204536, 24356.579156092423, 15772.423910097137, 16732.525394498054, 17741.952500455027, 14100.13937751925], [290126.9627992269, 32725.07877072732, 27154.736088723967, 24854.63349296403, 31125.351145355427, 27135.045175641604, 29397.511095256188, 31069.269360854716, 37215.84616217895, 26817.438900325727, 24394.904774370523, 27937.640333844265, 24871.314084224654, 25422.692363570357, 23869.57169332446, 23216.025882833103, 22303.088219567806, 23986.769889471838, 23818.734982061666, 22950.608577832965, 21349.90538628935, 26266.034738056565, 17332.727656226027, 18137.156859912102, 19283.024594850052, 15130.621240422459], [309948.3827698461, 34618.91921320591, 28325.824315848608, 26127.792248157028, 32935.20905378355, 28549.561299353976, 31069.269360854716, 33060.95982719853, 39670.74773470424, 28065.859893928773, 25347.460063424372, 29314.25916818997, 25953.741401141, 26650.96896053632, 25020.837280261763, 24294.647879754903, 23176.024951970085, 25077.824945217544, 25335.006187487605, 24000.106032888776, 22462.513436668927, 27736.815740207578, 18459.285102707483, 19120.360632366675, 20598.88960664568, 16115.126678481292], [388831.35970344354, 41643.24911944201, 33824.435270613576, 31049.58233757331, 39512.34080971361, 34245.74189335285, 37215.84616217895, 39670.74773470424, 48195.540487630