{"ppfx": [[287616.40992412, 182297.5143222, 175433.72602478, 182496.61909825, 184504.27200508, 183470.93655748, 184506.15844812, 180649.84097222, 181115.6667864, 184560.79472263, 183808.72785833, 173175.20066183, 182236.49555819, 178883.69047465, 181851.91072452, 183892.16806777, 184278.05226597, 184406.49037104, 181124.5054744, 178173.67012884, 178015.61123631, 177642.17338556, 170626.58908066, 284830.77734352], [182297.5143222, 116538.19305141, 111657.04302444, 115982.48187066, 117249.17216023, 116647.36947814, 117339.74725462, 114991.02524325, 115319.02505544, 117661.55439823, 116882.00506864, 110141.85814203, 115872.06889756, 114055.41905984, 115706.92227593, 116737.86936621, 117094.73681896, 117173.40815153, 115341.93988169, 113306.2692211, 113087.24300602, 113381.93849156, 108284.2053761, 181338.5981914], [175433.72602478, 111657.04302444, 108062.5426066, 112411.09000455, 113303.17579763, 112467.38322802, 113574.8550535, 110760.78751448, 111120.9838999, 113763.48469779, 112454.87733305, 107170.66525393, 112068.56071903, 110054.60388483, 112124.14322955, 113509.61171426, 113456.89769818, 113923.50207379, 111271.62761044, 109462.16504998, 109679.31253426, 109253.64667897, 104809.10253891, 174965.2693229], [182496.61909825, 115982.48187066, 112411.09000455, 117389.88574787, 118040.85448333, 117026.68180625, 118364.95435468, 115213.35663495, 115507.34128831, 118337.21817167, 116878.38327014, 111951.04861279, 116744.17431433, 114421.81563325, 116911.28383939, 118638.5414315, 118336.81668596, 118955.29550987, 115780.27182135, 113964.77638029, 114532.3296564, 113627.59164235, 109282.819054, 182014.033405], [184504.27200508, 117249.17216023, 113303.17579763, 118040.85448333, 119256.94184553, 118272.52810819, 119335.38081676, 116288.42896386, 116621.23097141, 119291.05545022, 118245.85020802, 112482.20733451, 117774.02559815, 115446.8662896, 117754.58957215, 119437.52294567, 119224.98090947, 119637.73216327, 116909.76968174, 115068.48669251, 115318.05461595, 114580.18357525, 110263.78239897, 183632.39946487], [183470.93655748, 116647.36947814, 112467.38322802, 117026.68180625, 118272.52810819, 118036.97287543, 118400.00509558, 115625.10978956, 115889.61662649, 118486.91350975, 117592.05325683, 111334.46505694, 116931.18980896, 114753.58740892, 116785.80757772, 118325.8038346, 118292.53998769, 118538.12864312, 116175.13176859, 114290.83877814, 114330.27449362, 113917.18890851, 109349.81943608, 182557.90320955], [184506.15844812, 117339.74725462, 113574.8550535, 118364.95435468, 119335.38081676, 118400.00509558, 119845.88294662, 116436.32772697, 116736.8205386, 119722.7928477, 118246.80082377, 113093.16530996, 118115.15995797, 115772.58156609, 118158.52597214, 119870.31589699, 119584.34349585, 120122.3958945, 117076.45692329, 115235.26774432, 115713.49610276, 114853.80868571, 110433.40319239, 183978.51424941], [180649.84097222, 114991.02524325, 110760.78751448, 115213.35663495, 116288.42896386, 115625.10978956, 116436.32772697, 114603.62205815, 114337.01171221, 116715.1677693, 115861.52720327, 109389.66661217, 114973.55541117, 113029.80829589, 114770.79326052, 115994.90211526, 116232.52781829, 116389.88833426, 114280.55539079, 112541.68977161, 112274.89879638, 112366.30133499, 107443.61250434, 180119.86435806], [181115.6667864, 115319.02505544, 111120.9838999, 115507.34128831, 116621.23097141, 115889.61662649, 116736.8205386, 114337.01171221, 115012.41206262, 117024.01558391, 116191.45658689, 109629.67350423, 115254.5885206, 113480.65230232, 115089.61246539, 116238.69377336, 116543.65151291, 116682.41268961, 114620.04348673, 112765.99296078, 112474.1661324, 112726.19056391, 107780.74485475, 180346.14928344], [184560.79472263, 117661.55439823, 113763.48469779, 118337.21817167, 119291.05545022, 118486.91350975, 119722.7928477, 116715.1677693, 117024.01558391, 120225.88229175, 118368.16968318, 112961.00334796, 118181.99017788, 116111.95686998, 118131.52403572, 119522.81574204, 119460.84238589, 120004.53635233, 117238.60360184, 115279.68423678, 115532.20560328, 115309.61358607, 110208.76001621, 184396.08172642], [183808.72785833, 116882.00506864, 112454.87733305, 116878.38327014, 118245.85020802, 117592.05325683, 118246.80082377, 115861.52720327, 116191.45658689, 118368.16968318, 118241.76269763, 110794.82269285, 116759.70855286, 114766.96826952, 116495.06939013, 117677.18028292, 118069.79419016, 118047.18303707, 116111.91981893, 114289.2095728, 113952.17751423, 113981.2279527, 109312.21826106, 182589.51743513], [173175.20066183, 110141.85814203, 107170.66525393, 111951.04861279, 112482.20733451, 111334.46505694, 113093.16530996, 109389.66661217, 109629.67350423, 112961.00334796, 110794.82269285, 107770.62928516, 111447.72754391, 109004.6070923, 111849.23823172, 113807.97899047, 113058.84220415, 114047.86172197, 110318.48708224, 108514.12079328, 109663.89530384, 108023.98089732, 104206.97961352, 173118.75711255], [182236.49555819, 115872.06889756, 112068.56071903, 116744.17431433, 117774.02559815, 116931.18980896, 118115.15995797, 114973.55541117, 115254.5885206, 118181.99017788, 116759.70855286, 111447.72754391, 116771.08376335, 114277.95909673, 116532.46870705, 118186.76788699, 117939.84912046, 118456.73410473, 115576.11483957, 113754.53983465, 114111.14525277, 113397.399285, 108934.60525092, 181634.16005149], [178883.69047465, 114055.41905984, 110054.60388483, 114421.81563325, 115446.8662896, 114753.58740892, 115772.58156609, 113029.80829589, 113480.65230232, 116111.95686998, 114766.96826952, 109004.6070923, 114277.95909673, 112600.56733396, 114143.07589789, 115422.02362062, 115518.77507377, 115865.54585037, 113528.40188331, 111605.79716327, 111578.63311379, 111625.1975442, 106639.11195033, 178567.15999388], [181851.91072452, 115706.92227593, 112124.14322955, 116911.28383939, 117754.58957215, 116785.80757772, 118158.52597214, 114770.79326052, 115089.61246539, 118131.52403572, 116495.06939013, 111849.23823172, 116532.46870705, 114143.07589789, 116879.73327408, 118526.86332871, 118093.0165055, 118816.91617808, 115542.70621477, 113695.25525888, 114368.83562735, 113272.41228255, 109038.43004883, 181462.31646177], [183892.16806777, 116737.86936621, 113509.61171426, 118638.5414315, 119437.52294567, 118325.8038346, 119870.31589699, 115994.90211526, 116238.69377336, 119522.81574204, 117677.18028292, 113807.97899047, 118186.76788699, 115422.02362062, 118526.86332871, 121013.68072722, 119912.23321865, 120846.99781224, 117017.54524583, 115243.78050462, 116284.55868649, 114396.60155999, 110705.70937161, 183541.48854895], [184278.05226597, 117094.73681896, 113456.89769818, 118336.81668596, 119224.98090947, 118292.53998769, 119584.34349585, 116232.52781829, 116543.65151291, 119460.84238589, 118069.79419016, 113058.84220415, 117939.84912046, 115518.77507377, 118093.0165055, 119912.23321865, 119664.72670676, 120130.92564485, 116931.67078396, 115131.72628789, 115686.75385793, 114578.93929324, 110421.22503876, 183700.95402672], [184406.49037104, 117173.40815153, 113923.50207379, 118955.29550987, 119637.73216327, 118538.12864312, 120122.3958945, 116389.88833426, 116682.41268961, 120004.53635233, 118047.18303707, 114047.86172197, 118456.73410473, 115865.54585037, 118816.91617808, 120846.99781224, 120130.92564485, 121251.07049547, 117313.67994957, 115500.12149293, 116464.92820343, 114939.63034205, 110849.0388531, 184231.49550454], [181124.5054744, 115341.93988169, 111271.62761044, 115780.27182135, 116909.76968174, 116175.13176859, 117076.45692329, 114280.55539079, 114620.04348673, 117238.60360184, 116111.91981893, 110318.48708224, 115576.11483957, 113528.40188331, 115542.70621477, 117017.54524583, 116931.67078396, 117313.67994957, 115024.2608057, 112932.04291326, 113057.47596865, 112659.29435017, 108061.6269254, 180414.05968882], [178173.67012884, 113306.2692211, 109462.16504998, 113964.77638029, 115068.48669251, 114290.83877814, 115235.26774432, 112541.68977161, 112765.99296078, 115279.68423678, 114289.2095728, 108514.12079328, 113754.53983465, 111605.79716327, 113695.25525888, 115243.78050462, 115131.72628789, 115500.12149293, 112932.04291326, 111346.68612541, 111291.14915295, 110770.93627997, 106461.9619046, 177584.50296271], [178015.61123631, 113087.24300602, 109679.31253426, 114532.3296564, 115318.05461595, 114330.27449362, 115713.49610276, 112274.89879638, 112474.1661324, 115532.20560328, 113952.17751423, 109663.89530384, 114111.14525277, 111578.63311379, 114368.83562735, 116284.55868649, 115686.75385793, 116464.92820343, 113057.47596865, 111291.14915295, 112236.04695686, 110716.27905334, 106820.42417561, 177476.57426478], [177642.17338556, 113381.93849156, 109253.64667897, 113627.59164235, 114580.18357525, 113917.18890851, 114853.80868571, 112366.30133499, 112726.19056391, 115309.61358607, 113981.2279527, 108023.98089732, 113397.399285, 111625.1975442, 113272.41228255, 114396.60155999, 114578.93929324, 114939.63034205, 112659.29435017, 110770.93627997, 110716.27905334, 111124.67147943, 105792.32848241, 177451.54631085], [170626.58908066, 108284.2053761, 104809.10253891, 109282.819054, 110263.78239897, 109349.81943608, 110433.40319239, 107443.61250434, 107780.74485475, 110208.76001621, 109312.21826106, 104206.97961352, 108934.60525092, 106639.11195033, 109038.43004883, 110705.70937161, 110421.22503876, 110849.0388531, 108061.6269254, 106461.9619046, 106820.42417561, 105792.32848241, 102258.51605332, 169713.74375969], [284830.77734352, 181338.5981914, 174965.2693229, 182014.033405, 183632.39946487, 182557.90320955, 183978.51424941, 180119.86435806, 180346.14928344, 184396.08172642, 182589.51743513, 173118.75711255, 181634.16005149, 178567.15999388, 181462.31646177, 183541.48854895, 183700.95402672, 184231.49550454, 180414.05968882, 177584.50296271, 177476.57426478, 177451.54631085, 169713.74375969, 284343.35868334]], "beamline": [[265094.0559138666, 73932.6699887551, 56007.302164152075, 44775.705210774846, 38480.22702174033, 34757.74829524268, 30184.606931450107, 26461.563534293153, 21051.489394986304, 273943.2610393804], [73932.6699887551, 20830.16459966634, 15898.623227252001, 12757.996093264504, 10999.084927539656, 9967.030565674473, 8637.777028546212, 7574.65184003384, 5988.69969260237, 76181.61637039436], [56007.302164152075, 15898.623227252001, 12220.411006659855, 9834.55686865526, 8505.358354129135, 7725.992595558653, 6682.606232944655, 5861.562457390508, 4610.928842345911, 57601.52460955937], [44775.705210774846, 12757.996093264504, 9834.55686865526, 7938.427109723677, 6865.773498712898, 6247.832426460387, 5401.716479720575, 4739.087615572927, 3721.2544969641817, 45952.42746730662], [38480.22702174033, 10999.084927539656, 8505.358354129135, 6865.773498712898, 5964.727599691769, 5429.386734125532, 4693.626079567435, 4118.295050571831, 3227.557347347596, 39466.47557657485], [34757.74829524268, 9967.030565674473, 7725.992595558653, 6247.832426460387, 5429.386734125532, 4949.7504739943215, 4274.73129139907, 3750.465789116549, 2933.235720598066, 35597.07796530579], [30184.606931450107, 8637.777028546212, 6682.606232944655, 5401.716479720575, 4693.626079567435, 4274.73129139907, 3706.607467549414, 3248.7463869462104, 2549.159265393969, 30969.191086633862], [26461.563534293153, 7574.65184003384, 5861.562457390508, 4739.087615572927, 4118.295050571831, 3750.465789116549, 3248.7463869462104, 2850.651099069854, 2235.686361965583, 27131.23654703336], [21051.489394986304, 5988.69969260237, 4610.928842345911, 3721.2544969641817, 3227.557347347596, 2933.235720598066, 2549.159265393969, 2235.686361965583, 1764.83304071057, 21650.484179475083], [273943.2610393804, 76181.61637039436, 57601.52460955937, 45952.42746730662, 39466.47557657485, 35597.07796530579, 30969.191086633862, 27131.23654703336, 21650.484179475083, 285684.0929837548]], "genie_ms": [[664690.88357592, 367700.59225149, 367062.15617652, 374987.83188263, 375665.29784743, 374707.79823494, 376383.01536709, 373604.57778641, 361497.14625621, 379539.76265353, 372842.13399157, 369754.93875844, 372274.39708094, 367666.61844417, 369760.07541883, 372900.75150805, 371220.5219591, 378858.33600917, 373591.07430601, 365795.19481232, 363138.52129787, 355648.55986978, 352831.04800366, 609432.69404203], [367700.59225149, 209616.63410448, 206890.59993806, 211827.84339897, 212795.5446947, 211323.24470979, 213832.95108843, 211469.34801, 204478.08382997, 214921.66645012, 210780.6936422, 209160.88892415, 209726.39861534, 207805.86698222, 208839.18560317, 210698.86773753, 210087.72188459, 213996.10969656, 212126.90477333, 206926.38707715, 205589.08266252, 202125.61989827, 200053.5349765, 344778.0363363], [367062.15617652, 206890.59993806, 205903.78239354, 210129.89238659, 210895.27635851, 210022.39837761, 211646.48642185, 209684.33413456, 202556.9308037, 213072.58063448, 209148.66877308, 207438.86795261, 208758.30379893, 206298.04470031, 207242.49589914, 209383.01874221, 208449.82486623, 212546.94089584, 210066.16809837, 205543.13774762, 203988.50963105, 200103.66104546, 198370.21822454, 341180.62668417], [374987.83188263, 211827.84339897, 210129.89238659, 215355.74945517, 215894.955557, 214608.51701248, 216774.16199008, 214800.19057957, 207567.13006697, 218042.12696129, 214090.89621291, 212341.62438135, 213327.34133832, 211150.78455682, 212243.39049748, 214036.90608667, 213347.36344815, 217445.92218632, 215108.7708748, 210282.50051788, 208787.01902249, 204898.79097576, 202954.79147397, 349362.58408424], [375665.29784743, 212795.5446947, 210895.27635851, 215894.955557, 217093.26149356, 215420.43051554, 217861.60784914, 215502.22679945, 208419.38475293, 219044.76936244, 215040.22284941, 213225.60066948, 214298.92466066, 211957.85262014, 212968.98600124, 215008.90751521, 214400.25547164, 218349.31765288, 216033.30370679, 211119.75228021, 209511.43852752, 205803.54814647, 203699.52468766, 350917.19292856], [374707.79823494, 211323.24470979, 210022.39837761, 214608.51701248, 215420.43051554, 214834.903609, 216200.8105559, 214306.60368442, 207116.35312819, 217531.889645, 213680.52320848, 211823.14406988, 213062.62313266, 210719.71579586, 211772.87387002, 213855.92101292, 212929.45712138, 217123.36078906, 214557.96720489, 209980.18897281, 208413.3807366, 204304.89403156, 202632.29930207, 348687.58933264], [376383.01536709, 213832.95108843, 211646.48642185, 216774.16199008, 217861.60784914, 216200.8105559, 219014.97552071, 216492.30050455, 209385.28220675, 219975.10968744, 215880.80259184, 214128.21679113, 215040.34420882, 212787.59853342, 213811.25127725, 215819.77042263, 215332.60884314, 219203.24509299, 216873.08656047, 211916.20233548, 210382.76835413, 206662.66685026, 204562.29432348, 352153.76557872], [373604.57778641, 211469.34801, 209684.33413456, 214800.19057957, 215502.22679945, 214306.60368442, 216492.30050455, 214927.46706018, 207285.19192591, 217692.01636778, 213869.29817826, 211886.93813709, 213059.33649676, 210803.36770628, 211997.59144948, 213784.72343809, 213227.09968976, 217117.66002081, 214660.06144616, 209922.15357457, 208506.30616469, 204595.53041659, 202721.30296787, 348301.45606636], [361497.14625621, 204478.08382997, 202556.9308037, 207567.13006697, 208419.38475293, 207116.35312819, 209385.28220675, 207285.19192591, 200736.42793794, 210381.11518991, 206650.66018812, 204974.51340518, 205741.60182489, 203643.3914827, 204699.33901735, 206458.30748212, 206011.00486576, 209903.13443242, 207409.04696149, 202772.22931167, 201287.60012768, 197631.45921116, 195754.18450142, 337138.3936405], [379539.76265353, 214921.66645012, 213072.58063448, 218042.12696129, 219044.76936244, 217531.889645, 219975.10968744, 217692.01636778, 210381.11518991, 221440.52254856, 217150.20314282, 215296.61250416, 216476.3780917, 214163.51890933, 215089.14692903, 217230.74637469, 216511.77260006, 220453.92200203, 218316.24807108, 213205.89962245, 211719.00824675, 207849.9039233, 205699.25404879, 354553.13265401], [372842.13399157, 210780.6936422, 209148.66877308, 214090.89621291, 215040.22284941, 213680.52320848, 215880.80259184, 213869.29817826, 206650.66018812, 217150.20314282, 213456.46471632, 211321.14508586, 212659.54354397, 210268.80933855, 211295.07401942, 213310.37845622, 212638.28397852, 216630.43411852, 214340.07366249, 209454.11589751, 207907.3774013, 204053.11651867, 201999.55771984, 347970.77384418], [369754.93875844, 209160.88892415, 207438.86795261, 212341.62438135, 213225.60066948, 211823.14406988, 214128.21679113, 211886.93813709, 204974.51340518, 215296.61250416, 211321.14508586, 209860.72027853, 210696.8718393, 208419.83957818, 209339.01602576, 211274.06884057, 210691.95631667, 214745.24485435, 212336.76794943, 207627.88932971, 206012.49226146, 202223.45265047, 200305.16264645, 344874.60474029], [372274.39708094, 209726.39861534, 208758.30379893, 213327.34133832, 214298.92466066, 213062.62313266, 215040.34420882, 213059.33649676, 205741.60182489, 216476.3780917, 212659.54354397, 210696.8718393, 212558.23849321, 209707.12575255, 210562.16276755, 212854.99768322, 212011.6003741, 216113.0458006, 213540.10246823, 208947.91275799, 207325.99642186, 203288.629824, 201356.78010685, 346471.83707233], [367666.61844417, 207805.86698222, 206298.04470031, 211150.78455682, 211957.85262014, 210719.71579586, 212787.59853342, 210803.36770628, 203643.3914827, 214163.51890933, 210268.80933855, 208419.83957818, 209707.12575255, 207525.50278155, 208350.41221602, 210337.32156872, 209592.16907141, 213546.29442502, 211446.96866657, 206653.84180066, 205090.12115022, 201124.33439204, 199199.57388307, 343200.9673066], [369760.07541883, 208839.18560317, 207242.49589914, 212243.39049748, 212968.98600124, 211772.87387002, 213811.25127725, 211997.59144948, 204699.33901735, 215089.14692903, 211295.07401942, 209339.01602576, 210562.16276755, 208350.41221602, 209554.15915228, 211267.28427748, 210621.80230763, 214504.85113028, 212294.52726165, 207559.47440606, 206001.16316213, 202122.49637777, 200193.11422555, 344720.28941812], [372900.75150805, 210698.86773753, 209383.01874221, 214036.90608667, 215008.90751521, 213855.92101292, 215819.77042263, 213784.72343809, 206458.30748212, 217230.74637469, 213310.37845622, 211274.06884057, 212854.99768322, 210337.32156872, 211267.28427748, 213626.97445644, 212633.12410283, 216629.05940508, 214308.79141594, 209528.66915524, 207984.21877711, 204020.12714836, 202016.08961644, 347842.09034523], [371220.5219591, 210087.72188459, 208449.82486623, 213347.36344815, 214400.25547164, 212929.45712138, 215332.60884314, 213227.09968976, 206011.00486576, 216511.77260006, 212638.28397852, 210691.95631667, 212011.6003741, 209592.16907141, 210621.80230763, 212633.12410283, 212232.00900991, 215865.80073197, 213451.80135143, 208762.55371538, 207138.21351007, 203343.76820648, 201300.56066662, 346434.68179789], [378858.33600917, 213996.10969656, 212546.94089584, 217445.92218632, 218349.31765288, 217123.36078906, 219203.24509299, 217117.66002081, 209903.13443242, 220453.92200203, 216630.43411852, 214745.24485435, 216113.0458006, 213546.29442502, 214504.85113028, 216629.05940508, 215865.80073197, 220245.88521564, 217530.97296821, 212772.12735807, 211178.9691474, 207164.82603036, 205258.14007389, 353215.15657147], [373591.07430601, 212126.90477333, 210066.16809837, 215108.7708748, 216033.30370679, 214557.96720489, 216873.08656047, 214660.06144616, 207409.04696149, 218316.24807108, 214340.07366249, 212336.76794943, 213540.10246823, 211446.96866657, 212294.52726165, 214308.79141594, 213451.80135143, 217530.97296821, 216342.96553523, 210710.58121644, 209159.99840784, 205373.14925674, 203035.59506617, 350867.85190968], [365795.19481232, 206926.38707715, 205543.13774762, 210282.50051788, 211119.75228021, 209980.18897281, 211916.20233548, 209922.15357457, 202772.22931167, 213205.89962245, 209454.11589751, 207627.88932971, 208947.91275799, 206653.84180066, 207559.47440606, 209528.66915524, 208762.55371538, 212772.12735807, 210710.58121644, 206101.03819574, 204318.02633702, 200369.54793058, 198467.54621465, 341772.83363934], [363138.52129787, 205589.08266252, 203988.50963105, 208787.01902249, 209511.43852752, 208413.3807366, 210382.76835413, 208506.30616469, 201287.60012768, 211719.00824675, 207907.3774013, 206012.49226146, 207325.99642186, 205090.12115022, 206001.16316213, 207984.21877711, 207138.21351007, 211178.9691474, 209159.99840784, 204318.02633702, 203019.73706153, 198973.0224899, 197146.23456637, 339451.53900826], [355648.55986978, 202125.61989827, 200103.66104546, 204898.79097576, 205803.54814647, 204304.89403156, 206662.66685026, 204595.53041659, 197631.45921116, 207849.9039233, 204053.11651867, 202223.45265047, 203288.629824, 201124.33439204, 202122.49637777, 204020.12714836, 203343.76820648, 207164.82603036, 205373.14925674, 200369.54793058, 198973.0224899, 195717.22538727, 193426.05141146, 333325.7222951], [352831.04800366, 200053.5349765, 198370.21822454, 202954.79147397, 203699.52468766, 202632.29930207, 204562.29432348, 202721.30296787, 195754.18450142, 205699.25404879, 201999.55771984, 200305.16264645, 201356.78010685, 199199.57388307, 200193.11422555, 202016.08961644, 201300.56066662, 205258.14007389, 203035.59506617, 198467.54621465, 197146.23456637, 193426.05141146, 191861.71362504, 329630.43548814], [609432.69404203, 344778.0363363, 341180.62668417, 349362.58408424, 350917.19292856, 348687.58933264, 352153.76557872, 348301.45606636, 337138.3936405, 354553.13265401, 347970.77384418, 344874.60474029, 346471.83707233, 343200.9673066, 344720.28941812, 347842.09034523, 346434.68179789, 353215.15657147, 350867.85190968, 341772.83363934, 339451.53900826, 333325.7222951, 329630.43548814, 571190.63905959]], "genie_us": [[1027954.5190566715, 101874.63997682094, 71013.06730945717, 10767.63000587411, 41402.61255405809, -3529.5065352165107, 8037.973011724955, 37828.43974525848, 23011.734545681597, 662433.3309140418], [101874.63997682094, 19293.91453008826, 14537.563143999558, 5722.83135827557, 8103.501885577481, 3010.4089301616873, 3671.2232844758614, 6299.4819900556, 4303.464095199448, 81691.28370744894], [71013.06730945717, 14537.563143999558, 11387.962973564037, 4761.431860748487, 6532.521541607339, 2687.3832405437747, 3065.794993137353, 4922.805780406124, 3356.0173624573185, 54020.96772288797], [10767.63000587411, 5722.83135827557, 4761.431860748487, 3308.643264183917, 2726.3866146264995, 2611.666657789477, 2104.9547538661154, 1656.126431275271, 1449.506851058418, 20347.619458326568], [41402.61255405809, 8103.501885577481, 6532.521541607339, 2726.3866146264995, 3888.7306809462675, 1577.8818277505468, 1788.1490783784018, 2901.5040521360324, 1954.3671506244693, 28510.054678924633], [-3529.5065352165107, 3010.4089301616873, 2687.3832405437747, 2611.666657789477, 1577.8818277505468, 2348.4123120774925, 1675.4505086264478, 738.5893023196098, 869.4386670489392, 10621.519991591098], [8037.973011724955, 3671.2232844758614, 3065.794993137353, 2104.9547538661154, 1788.1490783784018, 1675.4505086264478, 1356.9649987055634, 1100.8734424151069, 951.8156497555515, 13527.719997141927], [37828.43974525848, 6299.4819900556, 4922.805780406124, 1656.126431275271, 2901.5040521360324, 738.5893023196098, 1100.8734424151069, 2304.3635336390544, 1467.6563581305832, 24163.675400225984], [23011.734545681597, 4303.464095199448, 3356.0173624573185, 1449.506851058418, 1954.3671506244693, 869.4386670489392, 951.8156497555515, 1467.6563581305832, 1026.317291126506, 18313.437928764506], [662433.3309140418, 81691.28370744894, 54020.96772288797, 20347.619458326568, 28510.054678924633, 10621.519991591098, 13527.719997141927, 24163.675400225984, 18313.437928764506, 633403.9402955946]], "geant4": [[5926.35399949, 3790.88483817, 3518.25312133, 3423.07463579, 2711.7067195, 3291.06548937, 2853.93633652, 2427.68207014, 3270.03642307, 2827.63007095, 2716.04714638, 2475.73640279, 2679.91779706, 2313.22231538, 3024.46431671, 2985.99886859, 2415.75229578, 3043.68140375, 3243.37008246, 3178.99187424, 2660.30096773, 3242.98253322, 3305.85464239, 5501.09269224], [3790.88483817, 2681.59872937, 2532.49604526, 2546.91291886, 1997.43108034, 2425.91593036, 2167.6161025, 1893.10009222, 2495.13586532, 2090.4318288, 2071.95039448, 1955.38122718, 1978.30665332, 1764.35423808, 2282.90912479, 2250.0199881, 1961.49382172, 2275.45021233, 2445.96317046, 2439.89760597, 1993.91930907, 2354.49770777, 2313.49824525, 3451.92235838], [3518.25312133, 2532.49604526, 2403.32762547, 2427.00646271, 1902.77065321, 2309.82365299, 2077.56697524, 1819.52724913, 2391.54216557, 1989.55776664, 1986.30588536, 1881.5020222, 1886.8960958, 1688.3985919, 2183.20013557, 2153.24300747, 1898.78843389, 2171.66694355, 2336.8108031, 2336.68356391, 1903.56200379, 2231.95267719, 2179.85186295, 3187.52513401], [3423.07463579, 2546.91291886, 2427.00646271, 2479.24507934, 1935.81848589, 2349.90910003, 2127.32892419, 1876.42744364, 2456.6497388, 2027.92351751, 2034.212674, 1949.17134881, 1919.89676582, 1735.3555584, 2232.84490713, 2198.55849791, 1978.64592608, 2218.53004075, 2392.79458007, 2406.33321113, 1947.29851654, 2262.98841519, 2186.87646401, 3082.72587903], [2711.7067195, 1997.43108034, 1902.77065321, 1935.81848589, 1516.45661249, 1839.5644193, 1663.53003895, 1463.57239106, 1917.42820695, 1585.17406674, 1590.34872663, 1518.84708606, 1503.13658592, 1354.4467366, 1743.68913277, 1722.86117859, 1539.66536091, 1733.80670109, 1867.81010003, 1875.17387294, 1520.5652761, 1771.24772734, 1716.26336457, 2443.07500873], [3291.06548937, 2425.91593036, 2309.82365299, 2349.90910003, 1839.5644193, 2232.81453119, 2018.84711527, 1777.22123667, 2326.61379303, 1924.36953898, 1931.2217929, 1843.84840948, 1823.50212632, 1643.7782436, 2117.69644509, 2090.69382626, 1868.54569157, 2104.60739437, 2267.89151269, 2276.48150964, 1845.53474203, 2151.16519018, 2083.99269994, 2966.44213579], [2853.93633652, 2167.6161025, 2077.56697524, 2127.32892419, 1663.53003895, 2018.84711527, 1843.20981296, 1630.81973561, 2122.7381488, 1739.43652634, 1765.3072984, 1694.47726209, 1651.60012186, 1497.71735558, 1928.53219758, 1904.86856927, 1730.24664416, 1909.66091635, 2061.97733812, 2076.67107893, 1674.97009061, 1934.27793382, 1855.06737595, 2551.17650853], [2427.68207014, 1893.10009222, 1819.52724913, 1876.42744364, 1463.57239106, 1777.22123667, 1630.81973561, 1451.23304462, 1879.68034877, 1532.6544735, 1564.30179009, 1511.39702257, 1453.11427838, 1327.30639114, 1705.77819676, 1683.56913531, 1548.82887688, 1685.64510868, 1823.79581028, 1842.64129452, 1479.13938335, 1699.33671304, 1616.34787728, 2158.89175338], [3270.03642307, 2495.13586532, 2391.54216557, 2456.6497388, 1917.42820695, 2326.61379303, 2122.7381488, 1879.68034877, 2451.45149124, 2006.76994403, 2030.95512801, 1955.86182354, 1903.68955238, 1729.18465818, 2222.06978906, 2190.93862897, 1998.66009799, 2202.70301564, 2378.77218907, 2399.7267521, 1933.84119575, 2228.72243907, 2136.11080149, 2923.62600124], [2827.63007095, 2090.4318288, 1989.55776664, 2027.92351751, 1585.17406674, 1924.36953898, 1739.43652634, 1532.6544735, 2006.76994403, 1660.17094612, 1663.63798127, 1591.26275406, 1571.18110789, 1418.4440335, 1825.97805286, 1799.79355551, 1612.32318745, 1814.96805857, 1956.60842967, 1965.46176172, 1592.28250403, 1855.23007633, 1795.85263427, 2549.50811468], [2716.04714638, 2071.95039448, 1986.30588536, 2034.212674, 1590.34872663, 1931.2217929, 1765.3072984, 1564.30179009, 2030.95512801, 1663.63798127, 1693.10065521, 1624.85044778, 1578.94049749, 1433.51905966, 1847.80220618, 1825.28572242, 1659.6491315, 1827.24412806, 1974.27057032, 1987.97013731, 1602.1436385, 1850.4616739, 1771.80468484, 2425.95875337], [2475.73640279, 1955.38122718, 1881.5020222, 1949.17134881, 1518.84708606, 1843.84840948, 1694.47726209, 1511.39702257, 1955.86182354, 1591.26275406, 1624.85044778, 1577.87284474, 1506.78374683, 1382.19696664, 1770.70802657, 1748.7538799, 1618.79203454, 1750.92680946, 1895.31907908, 1919.3151163, 1537.06871058, 1761.27032276, 1668.59176895, 2195.64686283], [2679.91779706, 1978.30665332, 1886.8960958, 1919.89676582, 1503.13658592, 1823.50212632, 1651.60012186, 1453.11427838, 1903.68955238, 1571.18110789, 1578.94049749, 1506.78374683, 1491.75798608, 1343.18206661, 1731.39531221, 1708.4008181, 1530.22405921, 1719.74227296, 1853.25545994, 1860.68478919, 1508.5631298, 1753.93865928, 1698.86478813, 2412.9343685], [2313.22231538, 1764.35423808, 1688.3985919, 1735.3555584, 1354.4467366, 1643.7782436, 1497.71735558, 1327.30639114, 1729.18465818, 1418.4440335, 1433.51905966, 1382.19696664, 1343.18206661, 1222.01671162, 1568.2843613, 1547.28297637, 1409.53111656, 1555.58838648, 1680.08442782, 1694.93998332, 1365.39908681, 1577.14158528, 1511.19154685, 2069.70023341], [3024.46431671, 2282.90912479, 2183.20013557, 2232.84490713, 1743.68913277, 2117.69644509, 1928.53219758, 1705.77819676, 2222.06978906, 1825.97805286, 1847.80220618, 1770.70802657, 1731.39531221, 1568.2843613, 2022.41506497, 1992.50390558, 1804.70791219, 2002.31300122, 2162.47256648, 2175.67533904, 1756.58533775, 2033.68146716, 1955.08861836, 2711.79840389], [2985.99886859, 2250.0199881, 2153.24300747, 2198.55849791, 1722.86117859, 2090.69382626, 1904.86856927, 1683.56913531, 2190.93862897, 1799.79355551, 1825.28572242, 1748.7538799, 1708.4008181, 1547.28297637, 1992.50390558, 1973.51626914, 1781.50172756, 1974.57899563, 2130.55748054, 2142.79113798, 1730.63611132, 2005.29334102, 1927.12042334, 2672.47755054], [2415.75229578, 1961.49382172, 1898.78843389, 1978.64592608, 1539.66536091, 1868.54569157, 1730.24664416, 1548.82887688, 1998.66009799, 1612.32318745, 1659.6491315, 1618.79203454, 1530.22405921, 1409.53111656, 1804.70791219, 1781.50172756, 1672.09108054, 1779.95494261, 1929.5777631, 1960.0066235, 1563.57876736, 1775.43526118, 1668.75118901, 2125.6049123], [3043.68140375, 2275.45021233, 2171.66694355, 2218.53004075, 1733.80670109, 2104.60739437, 1909.66091635, 1685.64510868, 2202.70301564, 1814.96805857, 1827.24412806, 1750.92680946, 1719.74227296, 1555.58838648, 2002.31300122, 1974.57899563, 1779.95494261, 1987.55530099, 2144.05918772, 2156.49633832, 1743.81395739, 2023.89129006, 1951.97180152, 2735.47928348], [3243.37008246, 2445.96317046, 2336.8108031, 2392.79458007, 1867.81010003, 2267.89151269, 2061.97733812, 1823.79581028, 2378.77218907, 1956.60842967, 1974.27057032, 1895.31907908, 1853.25545994, 1680.08442782, 2162.47256648, 2130.55748054, 1929.5777631, 2144.05918772, 2315.02724625, 2330.58200689, 1881.58937579, 2179.59974112, 2096.33110668, 2910.36553336], [3178.99187424, 2439.89760597, 2336.68356391, 2406.33321113, 1875.17387294, 2276.48150964, 2076.67107893, 1842.64129452, 2399.7267521, 1965.46176172, 1987.97013731, 1919.3151163, 1860.68478919, 1694.93998332, 2175.67533904, 2142.79113798, 1960.0066235, 2156.49633832, 2330.58200689, 2353.18008003, 1893.68332773, 2183.12170195, 2088.48354971, 2842.19152484], [2660.30096773, 1993.91930907, 1903.56200379, 1947.29851654, 1520.5652761, 1845.53474203, 1674.97009061, 1479.13938335, 1933.84119575, 1592.28250403, 1602.1436385, 1537.06871058, 1508.5631298, 1365.39908681, 1756.58533775, 1730.63611132, 1563.57876736, 1743.81395739, 1881.58937579, 1893.68332773, 1530.7078286, 1774.35341616, 1710.46062214, 2390.45535385], [3242.98253322, 2354.49770777, 2231.95267719, 2262.98841519, 1771.24772734, 2151.16519018, 1934.27793382, 1699.33671304, 2228.72243907, 1855.23007633, 1850.4616739, 1761.27032276, 1753.93865928, 1577.14158528, 2033.68146716, 2005.29334102, 1775.43526118, 2023.89129006, 2179.59974112, 2183.12170195, 1774.35341616, 2081.38427341, 2026.40114887, 2936.95822603], [3305.85464239, 2313.49824525, 2179.85186295, 2186.87646401, 1716.26336457, 2083.99269994, 1855.06737595, 1616.34787728, 2136.11080149, 1795.85263427, 1771.80468484, 1668.59176895, 1698.86478813, 1511.19154685, 1955.08861836, 1927.12042334, 1668.75118901, 1951.97180152, 2096.33110668, 2088.48354971, 1710.46062214, 2026.40114887, 1999.02073164, 3017.96690349], [5501.09269224, 3451.92235838, 3187.52513401, 3082.72587903, 2443.07500873, 2966.44213579, 2551.17650853, 2158.89175338, 2923.62600124, 2549.50811468, 2425.95875337, 2195.64686283, 2412.9343685, 2069.70023341, 2711.79840389, 2672.47755054, 2125.6049123, 2735.47928348, 2910.36553336, 2842.19152484, 2390.45535385, 2936.95822603, 3017.96690349, 5130.4584292]], "pot_counting": [[710595.6059412445, 165004.37282954005, 98552.31814483617, 67050.65632371092, 52511.04063732959, 44429.973153468425, 40163.20309439431, 36035.84484629116, 34010.93544487034, 635713.2579189449], [165004.37282954005, 38314.961175148426, 22884.41317455962, 15569.54673234744, 12193.364628975045, 10316.894438589496, 9326.12597377071, 8367.729730567087, 7897.534160787969, 147616.26239356794], [98552.31814483617, 22884.41317455962, 13668.195145755075, 9299.237933059792, 7282.742448360183, 6161.981319300756, 5570.224099305362, 4997.801866795233, 4716.967713199587, 88166.9049449462], [67050.65632371092, 15569.54673234744, 9299.237933059792, 6326.7918853583915, 4954.857178310683, 4192.340672355968, 3789.7351250498778, 3400.284251578982, 3209.2170633974883, 59984.87862965229], [52511.04063732959, 12193.364628975045, 7282.742448360183, 4954.857178310683, 3880.4199825621718, 3283.2515516147905, 2967.9491009819794, 2662.948795774797, 2513.3136179382045, 46977.44320562417], [44429.973153468425, 10316.894438589496, 6161.981319300756, 4192.340672355968, 3283.2515516147905, 2777.9830017428317, 2511.2033065242263, 2253.140331430158, 2126.5329198572085, 39747.956146210796], [40163.20309439431, 9326.12597377071, 5570.224099305362, 3789.7351250498778, 2967.9491009819794, 2511.2033065242263, 2270.043424578877, 2036.7631647856622, 1922.314318132173, 35930.81701339537], [36035.84484629116, 8367.729730567087, 4997.801866795233, 3400.284251578982, 2662.948795774797, 2253.140331430158, 2036.7631647856622, 1827.4558735356748, 1724.7683246579377, 32238.39851747065], [34010.93544487034, 7897.534160787969, 4716.967713199587, 3209.2170633974883, 2513.3136179382045, 2126.5329198572085, 1922.314318132173, 1724.7683246579377, 1627.850946675827, 30426.873450603904], [635713.2579189449, 147616.26239356794, 88166.9049449462, 59984.87862965229, 46977.44320562417, 39747.956146210796, 35930.81701339537, 32238.39851747065, 30426.873450603904, 568721.9888710297]], "dirt": [[4309502.842203823, 840411.8347244032, 519306.03663119016, 341819.1704999635, 219257.00650157477, 158638.67125336046, 166197.48189762127, 155988.16501890693, 178223.01345348862, 3816260.371836011], [840411.8347244032, 163891.7707694675, 101271.76034196363, 66659.40057181688, 42758.10687618378, 30936.704684501165, 32410.77586033754, 30419.81981656906, 34755.9185388453, 744222.8253040436], [519306.03663119016, 101271.76034196363, 62577.69621139984, 41190.07810797068, 26421.02609490904, 19116.362754941787, 20027.21863346103, 18796.970022629204, 21476.32572523573, 459869.0663439407], [341819.1704999635, 66659.40057181688, 41190.07810797068, 27112.256239175036, 17390.926710781998, 12582.829389505578, 13182.37566641817, 12372.59775127731, 14136.211264573993, 302696.3903905394], [219257.00650157477, 42758.10687618378, 26421.02609490904, 17390.926710781998, 11155.262372549538, 8071.149143647356, 8455.72301568252, 7936.297843170466, 9067.552766601382, 194162.03116632628], [158638.67125336046, 30936.704684501165, 19116.362754941787, 12582.829389505578, 8071.149143647356, 5839.7056316041535, 6117.955750183512, 5742.1368858396345, 6560.631951358163, 140481.74388378477], [166197.48189762127, 32410.77586033754, 20027.21863346103, 13182.37566641817, 8455.72301568252, 6117.955750183512, 6409.463922057615, 6015.73805175061, 6873.232745573106, 147175.41379795826], [155988.16501890693, 30419.81981656906, 18796.970022629204, 12372.59775127731, 7936.297843170466, 5742.1368858396345, 6015.73805175061, 5646.1983010370905, 6451.018099000196, 138134.60030870905], [178223.01345348862, 34755.9185388453, 21476.32572523573, 14136.211264573993, 9067.552766601382, 6560.631951358163, 6873.232745573106, 6451.018099000196, 7370.5584350418885, 157824.5678204327], [3816260.371836011, 744222.8253040436, 459869.0663439407, 302696.3903905394, 194162.03116632628, 140481.74388378477, 147175.41379795826, 138134.60030870905, 157824.5678204327, 3379471.7764237905]], "mc_stat": [[7353.424281269556, 0, 0, 0, 0, 0, 0, 0, 0, 0], [0, 1951.4305018253679, 0, 0, 0, 0, 0, 0, 0, 0], [0, 0, 1305.4425594825002, 0, 0, 0, 0, 0, 0, 0], [0, 0, 0, 845.5843601236953, 0, 0, 0, 0, 0, 0], [0, 0, 0, 0, 736.678935048721, 0, 0, 0, 0, 0], [0, 0, 0, 0, 0, 575.1638362602412, 0, 0, 0, 0], [0, 0, 0, 0, 0, 0, 530.1235072221742, 0, 0, 0], [0, 0, 0, 0, 0, 0, 0, 467.57593974340637, 0, 0], [0, 0, 0, 0, 0, 0, 0, 0, 395.47335789599305, 0], [0, 0, 0, 0, 0, 0, 0, 0, 0, 7663.634070251129]], "ext_stat": [[23704.205144404154, 0, 0, 0, 0, 0, 0, 0, 0, 0], [0, 5020.865092635882, 0, 0, 0, 0, 0, 0, 0, 0], [0, 0, 2447.526861167069, 0, 0, 0, 0, 0, 0, 0], [0, 0, 0, 1321.9801795846724, 0, 0, 0, 0, 0, 0], [0, 0, 0, 0, 862.6173643879702, 0, 0, 0, 0, 0], [0, 0, 0, 0, 0, 675.1791375801113, 0, 0, 0, 0], [0, 0, 0, 0, 0, 0, 608.4608616327896, 0, 0, 0], [0, 0, 0, 0, 0, 0, 0, 599.8584570482926, 0, 0], [0, 0, 0, 0, 0, 0, 0, 0, 704.1548140888917, 0], [0, 0, 0, 0, 0, 0, 0, 0, 0, 16543.452022178448]], "total": [[7302438.300040809, 1735012.5089313793, 1290892.8595722655, 1025320.6876569933, 914532.1632867127, 795766.6864486451, 808326.3750869207, 812996.1139735198, 802180.0223047069, 5955278.409155488], [1735012.5089313793, 578139.5325540918, 475672.4988955348, 431067.0129441944, 406096.2062535459, 384627.56873721676, 387386.2165926803, 381015.15672269557, 375237.8612381651, 1384385.6404526047], [1290892.8595722655, 475672.4988955348, 419976.88738363836, 390053.2936242842, 374842.8712483557, 360491.325168965, 362644.75240943837, 356843.78902539104, 350229.6965124086, 988484.0867202441], [1025320.6876569933, 431067.0129441944, 390053.2936242842, 382078.5633205293, 367809.5725286521, 359619.77706487145, 361745.2272940048, 354058.0707078645, 348047.310770074, 767388.5845962949], [914532.1632867127, 406096.2062535459, 374842.8712483557, 367809.5725286521, 364355.0968867665, 353894.1923001682, 356765.96597946034, 350873.2738960231, 343720.83481380163, 649037.0035068499], [795766.6864486451, 384627.56873721676, 360491.325168965, 359619.77706487145, 353894.1923001682, 352270.8854088791, 351199.00362348324, 344193.26701935596, 337822.42280657234, 564391.4706806225], [808326.3750869207, 387386.2165926803, 362644.75240943837, 361745.2272940048, 356765.96597946034, 351199.00362348324, 355585.7324620363, 346961.5690130276, 340541.36287300475, 569040.4809566095], [812996.1139735198, 381015.15672269557, 356843.78902539104, 354058.0707078645, 350873.2738960231, 344193.26701935596, 346961.5690130276, 344678.4253670234, 335381.0131306443, 557607.7493840189], [802180.0223047069, 375237.8612381651, 350229.6965124086, 348047.310770074, 343720.83481380163, 337822.42280657234, 340541.36287300475, 335381.0131306443, 331089.47937733965, 557627.2640971262], [5955278.409155488, 1384385.6404526047, 988484.0867202441, 767388.5845962949, 649037.0035068499, 564391.4706806225, 569040.4809566095, 557607.7493840189, 557627.2640971262, 5234815.460453029]]}